
--------------------------------------------------------------------------------

EXPERIMENT 2

--------------------------------------------------------------------------------
     variable n_1 mean_1 sd_1 median_1 iqr25_1 iqr75_1 n_2 mean_2 sd_2 median_2
1        SE.0 290   4.01 0.77     4.14    3.57    4.57 302   3.94 0.73     4.00
2       INT.0 284   4.08 0.86     4.29    3.57    4.71 299   4.02 0.87     4.14
3      KANS.0 290   2.44 0.88     2.50    2.00    3.00 302   2.48 0.88     2.50
4        PS.0 290   3.45 1.15     4.00    3.00    4.00 302   3.46 1.06     4.00
5   VUL.GRP.0 290   3.42 0.73     3.40    3.00    4.00 302   3.44 0.74     3.40
6        PC.0 289   3.95 1.04     4.00    4.00    5.00 301   4.06 0.93     4.00
7        RE.0 290   3.91 1.17     4.00    4.00    5.00 302   3.84 1.16     4.00
8 BEHAVIOUR.1 212   4.08 0.71     4.29    3.86    4.57 235   4.07 0.65     4.14
9        SE.1 212   4.03 0.79     4.14    3.71    4.57 235   4.04 0.68     4.14
  iqr25_2 iqr75_2
1    3.57    4.43
2    3.57    4.71
3    2.00    3.00
4    3.00    4.00
5    3.05    4.00
6    4.00    5.00
7    3.00    5.00
8    3.71    4.57
9    3.71    4.57
