
--------------------------------------------------------------------------------

EXPERIMENT 3

--------------------------------------------------------------------------------
     variable n_1 mean_1 sd_1 median_1 iqr25_1 iqr75_1 n_2 mean_2 sd_2 median_2
1        SE.0 260   3.76 0.93     4.00    3.14    4.46 316   3.69 0.92     3.86
2       INT.0 258   3.82 1.05     4.14    3.00    4.71 310   3.67 1.07     3.86
3      KANS.0 260   2.33 0.94     2.50    1.50    3.00 316   2.27 0.95     2.00
4        PS.0 260   3.18 1.16     3.00    2.00    4.00 316   3.03 1.15     3.00
5   VUL.GRP.0 260   3.32 0.72     3.40    3.00    3.80 316   3.18 0.78     3.20
6        PC.0 260   3.93 1.13     4.00    4.00    5.00 315   3.79 1.16     4.00
7        RE.0 260   3.39 1.40     4.00    2.00    4.50 316   3.44 1.35     4.00
8 BEHAVIOUR.1 196   3.85 0.82     4.14    3.43    4.43 232   3.79 0.87     4.00
9        SE.1 196   3.84 0.88     4.00    3.29    4.57 232   3.79 0.93     4.00
  iqr25_2 iqr75_2
1    3.00    4.43
2    2.86    4.57
3    1.50    3.00
4    2.00    4.00
5    2.80    3.80
6    3.00    5.00
7    2.00    4.50
8    3.29    4.43
9    3.25    4.43
