
--------------------------------------------------------------------------------

EXPERIMENT 3

--------------------------------------------------------------------------------
self-efficacy T0 
$total
 raw_alpha std.alpha   G6(smc) average_r      S/N        ase     mean        sd  median_r
 0.8028717 0.8061289 0.8029079 0.3726511 4.158066 0.01247142 3.718998 0.9253288 0.4079149

$alpha.drop
       raw_alpha std.alpha   G6(smc) average_r      S/N   alpha se      var.r     med.r
SE_1_0 0.7673025 0.7699970 0.7589769 0.3581357 3.347770 0.01481996 0.01561867 0.3780925
SE_2_0 0.7965945 0.8012508 0.7881195 0.4018820 4.031466 0.01309150 0.01357324 0.4144712
SE_3_0 0.7536648 0.7587501 0.7464407 0.3439095 3.145079 0.01585532 0.01155908 0.3780925
SE_4_0 0.7870585 0.7929376 0.7853615 0.3895902 3.829463 0.01374423 0.01645049 0.4144712
SE_5_0 0.7933664 0.7915994 0.7811906 0.3876583 3.798450 0.01323810 0.01317304 0.4113429
SE_6_0 0.7495654 0.7545711 0.7433981 0.3388065 3.074500 0.01612148 0.01173253 0.3440894
SE_7_0 0.7892215 0.7922359 0.7846461 0.3885756 3.813151 0.01344979 0.01674219 0.4113429

$item.stats
         n     raw.r     std.r     r.cor    r.drop     mean       sd
SE_1_0 576 0.7188326 0.7256544 0.6742731 0.5892112 3.671875 1.372389
SE_2_0 576 0.5603235 0.5877792 0.4817741 0.4158192 4.104167 1.176398
SE_3_0 576 0.7723331 0.7704911 0.7434602 0.6662037 3.133681 1.327113
SE_4_0 576 0.6239822 0.6265192 0.5263854 0.4782773 3.913194 1.285139
SE_5_0 576 0.6696637 0.6326082 0.5441883 0.4813172 3.345486 1.696158
SE_6_0 576 0.7884410 0.7865740 0.7634279 0.6882350 3.809028 1.327301
SE_7_0 576 0.6192194 0.6297171 0.5311064 0.4665461 4.055556 1.328106

$response.freq
                1          2         3          4         5 miss
SE_1_0 0.11805556 0.10937500 0.1215278 0.28472222 0.3663194    0
SE_2_0 0.05381944 0.06944444 0.1128472 0.24652778 0.5173611    0
SE_3_0 0.16493056 0.19270833 0.1197917 0.38888889 0.1336806    0
SE_4_0 0.08333333 0.09027778 0.1006944 0.28125000 0.4444444    0
SE_5_0 0.27256944 0.06944444 0.1336806 0.08854167 0.4357639    0
SE_6_0 0.10243056 0.08854167 0.1128472 0.28993056 0.4062500    0
SE_7_0 0.09548611 0.03993056 0.1614583 0.11979167 0.5833333    0

$keys
SE_1_0 SE_2_0 SE_3_0 SE_4_0 SE_5_0 SE_6_0 SE_7_0 
     1      1      1      1      1      1      1 

$scores
  [1] 4.571429 4.714286 3.142857 5.000000 4.285714 4.571429 4.857143 4.000000 3.571429 4.714286
 [11] 3.571429 1.571429 4.285714 3.571429 4.000000 3.000000 5.000000 4.000000 3.571429 3.142857
 [21] 4.571429 3.285714 2.571429 3.857143 4.714286 4.571429 4.857143 3.857143 4.142857 3.142857
 [31] 4.714286 3.428571 4.857143 3.857143 4.714286 3.714286 3.571429 1.857143 3.714286 4.714286
 [41] 4.142857 3.857143 4.142857 2.857143 4.285714 3.857143 4.285714 4.571429 4.571429 4.000000
 [51] 4.571429 4.428571 4.000000 4.428571 4.428571 3.000000 5.000000 3.285714 4.714286 3.428571
 [61] 3.714286 4.285714 4.571429 5.000000 4.571429 4.000000 4.428571 3.571429 4.714286 3.714286
 [71] 4.714286 3.857143 4.142857 4.571429 4.714286 4.000000 3.857143 3.857143 4.000000 4.714286
 [81] 4.857143 2.142857 4.428571 4.571429 4.428571 4.428571 3.714286 1.857143 4.714286 4.714286
 [91] 3.000000 2.571429 4.000000 2.428571 3.000000 1.428571 1.857143 2.714286 2.857143 2.571429
[101] 2.714286 3.000000 4.285714 3.142857 3.000000 3.714286 2.428571 3.857143 3.000000 3.285714
[111] 3.000000 4.285714 3.000000 4.714286 4.000000 3.000000 2.857143 2.428571 3.285714 4.000000
[121] 2.000000 4.857143 3.285714 3.428571 3.571429 3.857143 2.428571 1.000000 2.714286 3.285714
[131] 4.142857 4.000000 2.142857 3.857143 3.285714 1.857143 4.000000 4.857143 2.857143 4.000000
[141] 3.285714 3.142857 4.571429 4.285714 4.714286 3.571429 2.714286 1.571429 2.857143 3.000000
[151] 4.285714 4.857143 2.428571 1.857143 2.000000 1.857143 1.000000 3.571429 2.000000 2.000000
[161] 1.571429 4.285714 3.428571 2.714286 1.571429 4.857143 4.714286 3.857143 2.428571 4.571429
[171] 3.571429 1.571429 2.142857 4.714286 3.000000 3.285714 4.285714 4.857143 2.000000 2.857143
[181] 3.000000 1.142857 4.571429 4.285714 2.285714 3.000000 2.714286 4.000000 3.428571 3.000000
[191] 4.571429 2.714286 4.142857 1.571429 4.428571 4.142857 2.000000 2.714286 4.000000 4.571429
[201] 3.714286 2.857143 2.714286 1.285714 4.571429 3.428571 3.000000 3.142857 4.571429 3.142857
[211] 3.428571 2.000000 2.142857 3.142857 2.285714 2.714286 4.714286 1.571429 3.571429 2.000000
[221] 2.857143 3.285714 3.714286 3.285714 3.000000 5.000000 3.714286 3.428571 4.857143 2.571429
[231] 3.428571 4.714286 3.142857 3.714286 3.285714 3.857143 4.142857 1.857143 4.428571 3.285714
[241] 3.857143 3.000000 1.000000 2.285714 2.714286 3.714286 4.000000 4.285714 4.142857 5.000000
[251] 2.285714 3.571429 3.571429 4.571429 4.571429 4.428571 4.285714 3.857143 4.857143 4.571429
[261] 3.285714 3.000000 2.285714 4.857143 4.285714 2.571429 3.000000 2.428571 3.428571 4.285714
[271] 3.000000 3.000000 4.571429 4.571429 4.285714 5.000000 1.000000 1.000000 4.142857 3.857143
[281] 4.428571 3.714286 4.428571 2.571429 1.857143 4.428571 4.714286 4.428571 4.142857 2.000000
[291] 3.142857 4.285714 4.714286 1.571429 4.000000 3.571429 3.285714 3.857143 4.000000 1.000000
[301] 2.428571 3.571429 3.000000 3.857143 3.428571 3.857143 3.571429 2.857143 4.000000 4.142857
[311] 3.142857 1.285714 2.714286 3.857143 2.142857 4.857143 2.857143 2.142857 4.428571 4.571429
[321] 3.142857 2.857143 4.285714 4.428571 4.428571 4.285714 3.428571 4.714286 3.142857 3.000000
[331] 3.571429 3.000000 4.000000 2.285714 4.428571 4.714286 1.857143 4.571429 4.571429 4.714286
[341] 4.571429 4.428571 4.571429 3.428571 3.714286 4.000000 4.142857 3.857143 4.285714 4.428571
[351] 1.714286 3.428571 4.428571 4.142857 3.857143 4.285714 3.285714 3.428571 3.285714 3.571429
[361] 4.428571 4.285714 4.428571 2.428571 4.142857 2.714286 4.285714 2.428571 4.571429 4.142857
[371] 3.857143 4.428571 2.428571 3.571429 2.142857 4.285714 4.857143 4.857143 4.428571 2.714286
[381] 4.142857 3.857143 3.857143 4.428571 4.428571 4.000000 3.857143 4.428571 4.857143 4.571429
[391] 3.857143 4.285714 4.714286 4.571429 4.428571 2.857143 3.857143 3.000000 5.000000 4.142857
[401] 3.571429 4.142857 4.142857 4.428571 4.142857 4.714286 4.428571 3.714286 2.714286 4.428571
[411] 5.000000 4.285714 3.857143 5.000000 2.857143 4.857143 3.571429 3.714286 3.571429 2.428571
[421] 4.428571 3.285714 4.857143 4.142857 4.571429 4.000000 4.285714 4.428571 5.000000 4.714286
[431] 4.285714 4.285714 4.000000 4.714286 4.714286 4.857143 4.428571 3.000000 4.000000 3.571429
[441] 4.571429 4.000000 4.857143 4.857143 4.000000 4.285714 2.428571 4.285714 4.142857 4.285714
[451] 4.285714 4.714286 4.000000 4.285714 4.142857 2.285714 4.428571 4.571429 4.714286 4.428571
[461] 4.857143 4.714286 2.428571 1.571429 4.571429 4.428571 3.571429 4.000000 4.428571 4.571429
[471] 4.714286 4.000000 5.000000 3.857143 3.000000 4.285714 3.714286 4.428571 3.714286 3.857143
[481] 4.000000 3.571429 4.571429 4.142857 4.571429 4.285714 4.285714 2.142857 2.857143 4.714286
[491] 5.000000 3.428571 4.857143 3.142857 4.285714 4.285714 3.857143 4.142857 4.285714 4.285714
[501] 4.571429 4.142857 3.571429 4.714286 2.428571 4.285714 4.428571 4.000000 4.571429 4.142857
[511] 4.142857 4.285714 4.428571 3.571429 3.428571 3.571429 3.285714 3.571429 3.428571 4.714286
[521] 4.714286 4.857143 4.571429 3.285714 2.714286 4.857143 2.857143 3.571429 3.000000 2.571429
[531] 3.285714 2.142857 4.428571 3.857143 4.857143 2.000000 3.714286 4.285714 3.714286 4.428571
[541] 4.714286 4.857143 4.142857 1.571429 4.571429 3.571429 4.571429 2.714286 4.857143 2.428571
[551] 3.857143 3.571429 3.714286 4.571429 3.571429 4.285714 3.857143 4.000000 4.142857 4.000000
[561] 4.142857 4.857143 4.571429 4.428571 4.571429 4.285714 3.857143 4.857143 4.428571 2.571429
[571] 5.000000 2.428571 4.714286 4.142857 4.000000 2.285714

$nvar
[1] 7

$boot.ci
NULL

$boot
NULL

$Unidim
$Unidim$Unidim
[1] 0.7515571


$var.r
[1] 0.01440925

$Fit
$Fit$Fit.off
[1] 0.9663063


$call
psych::alpha(x = .)

$title
NULL

attr(,"class")
[1] "psych" "alpha"

 intention T0 
$total
 raw_alpha std.alpha   G6(smc) average_r      S/N         ase     mean       sd  median_r
 0.8588777 0.8601927 0.8607006   0.46779 6.152704 0.008837456 3.728299 1.071195 0.4777672

$alpha.drop
        raw_alpha std.alpha   G6(smc) average_r      S/N    alpha se      var.r     med.r
INT_1_0 0.8266084 0.8275545 0.8231176 0.4443895 4.798933 0.010949529 0.01705456 0.4706685
INT_2_0 0.8442979 0.8443853 0.8389110 0.4748877 5.426128 0.009870874 0.01859205 0.4777672
INT_3_0 0.8174404 0.8213461 0.8151124 0.4338242 4.597414 0.011709382 0.01661098 0.4321694
INT_4_0 0.8567322 0.8606614 0.8563759 0.5072581 6.176761 0.009222153 0.01572749 0.5365771
INT_5_0 0.8555538 0.8536188 0.8495705 0.4928782 5.831477 0.009103705 0.01758539 0.5044046
INT_6_0 0.8183903 0.8214891 0.8175326 0.4340636 4.601898 0.011599470 0.01654176 0.4459488
INT_7_0 0.8496548 0.8507714 0.8461895 0.4872289 5.701128 0.009519266 0.01691870 0.5044046

$item.stats
          n     raw.r     std.r     r.cor    r.drop     mean       sd
INT_1_0 575 0.8019408 0.8054387 0.7788657 0.7106602 3.801739 1.471801
INT_2_0 574 0.6947708 0.7168171 0.6563033 0.5926099 4.212544 1.229417
INT_3_0 576 0.8449361 0.8361396 0.8234489 0.7658802 3.211806 1.551526
INT_4_0 576 0.6206104 0.6227552 0.5223918 0.4892725 3.861111 1.337674
INT_5_0 573 0.6921292 0.6645404 0.5820473 0.5394200 3.310646 1.728365
INT_6_0 576 0.8393654 0.8354438 0.8203439 0.7654882 3.642361 1.472251
INT_7_0 574 0.6654151 0.6809561 0.6056747 0.5455690 4.066202 1.323360

$response.freq
                 1          2          3         4         5        miss
INT_1_0 0.14086957 0.10086957 0.05217391 0.2278261 0.4782609 0.001736111
INT_2_0 0.06968641 0.06968641 0.04355401 0.2125436 0.6045296 0.003472222
INT_3_0 0.22222222 0.16319444 0.08333333 0.2430556 0.2881944 0.000000000
INT_4_0 0.08854167 0.11805556 0.08680556 0.2569444 0.4496528 0.000000000
INT_5_0 0.29493892 0.07155323 0.08900524 0.1169284 0.4275742 0.005208333
INT_6_0 0.15277778 0.10416667 0.09548611 0.2430556 0.4045139 0.000000000
INT_7_0 0.09233449 0.05923345 0.11149826 0.1637631 0.5731707 0.003472222

$keys
INT_1_0 INT_2_0 INT_3_0 INT_4_0 INT_5_0 INT_6_0 INT_7_0 
      1       1       1       1       1       1       1 

$scores
  [1] 5.000000 4.571429 3.428571 5.000000 4.428571 5.000000 5.000000 3.571429 3.857143 5.000000
 [11] 3.571429 1.571429 4.000000 1.857143 4.571429 3.428571 5.000000 4.428571 2.142857 2.571429
 [21] 4.857143 3.285714 2.428571 3.714286 5.000000 4.571429 5.000000 4.000000 4.714286 3.000000
 [31] 4.571429 4.142857 4.857143 4.285714 5.000000 3.857143 3.571429 1.428571 3.714286 5.000000
 [41] 4.285714 3.142857 4.285714 3.285714 4.571429 3.857143 4.285714 4.285714 5.000000 4.285714
 [51] 4.714286 4.857143 4.571429 5.000000 4.714286 3.571429 5.000000 2.857143 5.000000 3.857143
 [61] 4.142857 5.000000 4.857143 5.000000 4.428571 4.000000 4.857143 3.428571 5.000000 4.142857
 [71] 4.857143 4.142857 3.857143 4.428571 4.428571 4.142857 4.285714 4.714286 4.000000 4.857143
 [81] 4.857143 1.428571 4.571429 4.571429 5.000000 4.857143 3.714286 2.428571 5.000000 4.571429
 [91] 3.142857 2.428571 3.857143 2.571429 2.428571 1.000000 1.714286 2.714286 2.285714 2.142857
[101] 2.714286 2.714286 3.857143 3.285714 3.285714 3.857143 2.142857 4.142857 2.714286 3.666667
[111] 3.428571 4.428571 1.000000 4.857143 3.571429 2.714286 2.571429 2.714286 1.571429 3.714286
[121] 2.142857 5.000000 3.000000 3.000000 3.428571 3.857143 2.428571 1.000000 2.428571 2.714286
[131] 4.000000 3.714286 1.857143 3.571429 3.000000 1.714286 4.857143 4.857143 2.285714 4.285714
[141] 3.000000 3.714286 4.285714 4.571429 4.571429 3.000000 2.714286 1.571429 2.428571 3.428571
[151] 4.714286 5.000000 2.714286 2.142857 2.428571 1.857143 1.000000 3.571429 1.714286 1.000000
[161] 2.000000 3.428571 3.142857 2.571429 2.000000 4.857143 4.714286 3.571429 2.142857 4.571429
[171] 3.714286 1.571429 2.285714 4.714286 2.428571 2.857143 3.428571 4.857143 1.571429 2.285714
[181] 2.714286 1.142857 4.714286 4.857143 2.000000 2.428571 2.714286 2.285714 3.428571 2.857143
[191] 4.714286 3.285714 4.142857 1.714286 4.857143 4.571429 1.857143 2.285714 4.285714 4.714286
[201] 3.285714 2.428571 2.857143 1.142857 5.000000 2.857143 2.857143 3.000000 4.571429 2.714286
[211] 3.571429 1.571429 1.571429 3.285714 2.000000 2.571429 5.000000 1.285714 5.000000 2.285714
[221] 2.428571 3.285714 3.428571 2.714286 3.571429 3.428571 5.000000 3.714286 4.857143 2.571429
[231] 3.571429 4.857143 2.571429 3.857143 3.571429 4.285714 4.714286 1.714286 4.000000 2.857143
[241] 4.142857 2.000000 1.000000 1.571429 2.000000 4.000000 3.714286 4.142857 4.142857 4.857143
[251] 2.571429 3.571429 2.857143 5.000000 4.857143 4.428571 4.000000 3.571429 4.857143 4.857143
[261] 3.000000 2.833333 2.285714 3.571429 4.714286 2.857143 2.857143 2.714286 3.714286 4.571429
[271] 1.285714 2.428571 4.714286 4.857143 4.142857 5.000000 1.000000 1.000000 4.000000 3.571429
[281] 4.428571 4.142857 4.571429 1.857143 1.714286 4.428571 4.714286 5.000000 5.000000 2.285714
[291] 2.714286 4.714286 4.428571 1.714286 4.142857 4.000000 3.571429 3.857143 3.285714 1.000000
[301] 2.285714 3.714286 3.000000 4.142857 3.166667 4.000000 4.000000 2.857143 4.142857 4.428571
[311] 3.142857 1.000000 2.714286 4.142857 1.000000 4.714286 1.571429 2.857143 4.714286 3.571429
[321] 3.285714 2.857143 4.285714 4.285714 4.571429 4.142857 3.571429 5.000000 3.428571 2.857143
[331] 3.857143 2.571429 3.428571 2.285714 4.714286 5.000000 2.285714 4.428571 4.285714 4.428571
[341] 4.000000 4.571429 4.714286 2.714286 3.714286 4.571429 4.142857 3.714286 4.571429 4.571429
[351] 1.428571 3.714286 4.714286 4.428571 4.285714 4.571429 3.285714 3.571429 3.285714 3.000000
[361] 5.000000 4.571429 4.428571 2.571429 4.428571 2.571429 4.571429 2.571429 4.285714 4.000000
[371] 3.571429 4.428571 2.428571 3.857143 1.857143 3.857143 5.000000 4.857143 5.000000 2.714286
[381] 4.571429 3.857143 4.000000 4.714286 4.571429 4.000000 3.857143 4.285714 4.857143 4.428571
[391] 4.000000 4.428571 4.714286 4.571429 4.714286 3.142857 3.857143 2.428571 5.000000 4.428571
[401] 3.857143 4.571429 4.428571 4.571429 4.142857 4.714286 4.142857 3.428571 2.142857 4.857143
[411] 4.833333 4.428571 3.857143 5.000000 2.714286 5.000000 3.571429 4.285714 4.000000 2.428571
[421] 4.714286 3.428571 5.000000 4.142857 4.571429 4.428571 4.714286 5.000000 5.000000 4.714286
[431] 4.428571 4.571429 4.571429 5.000000 4.142857 5.000000 4.428571 2.714286 4.285714 3.000000
[441] 4.285714 4.142857 4.714286 5.000000 4.571429 4.571429 2.428571 5.000000 4.571429 4.428571
[451] 4.142857 4.714286 3.857143 5.000000 4.142857 1.857143 5.000000 4.571429 4.857143 4.571429
[461] 5.000000 5.000000 2.142857 1.571429 5.000000 5.000000 3.428571 3.428571 4.714286 5.000000
[471] 4.142857 3.857143 5.000000 4.285714 2.285714 4.571429 3.857143 4.428571 4.000000 3.714286
[481] 3.857143 4.000000 4.714286 4.000000 4.714286 4.285714 4.428571 2.285714 2.571429 4.285714
[491] 5.000000 4.000000 5.000000 3.142857 4.000000 4.714286 4.285714 4.428571 4.428571 4.285714
[501] 4.714286 4.000000 3.714286 4.714286 3.571429 4.571429 4.285714 3.857143 4.714286 4.000000
[511] 4.714286 5.000000 4.285714 3.857143 3.285714 3.428571 4.428571 4.142857 3.142857 5.000000
[521] 4.857143 5.000000 4.571429 2.714286 1.285714 4.571429 3.000000 3.285714 1.857143 3.428571
[531] 3.142857 1.857143 4.428571 4.142857 5.000000 2.285714 3.571429 4.714286 4.000000 4.428571
[541] 4.428571 4.857143 4.428571 1.571429 4.285714 3.571429 4.428571 2.714286 4.714286 2.285714
[551] 4.142857 3.285714 3.714286 4.857143 3.857143 5.000000 3.285714 4.000000 4.285714 4.142857
[561] 4.428571 5.000000 4.571429 4.714286 4.857143 4.142857 4.000000 4.857143 4.285714 2.428571
[571] 5.000000 1.857143 4.714286 4.571429 4.000000 2.428571

$nvar
[1] 7

$boot.ci
NULL

$boot
NULL

$Unidim
$Unidim$Unidim
[1] 0.8412065


$var.r
[1] 0.01748245

$Fit
$Fit$Fit.off
[1] 0.9444812


$call
psych::alpha(x = .)

$title
NULL

attr(,"class")
[1] "psych" "alpha"

 perceived risk (self) T0 
          
 0.7513564

 perceived vulnerability (others) T0 
$total
 raw_alpha std.alpha  G6(smc) average_r      S/N        ase     mean        sd  median_r
 0.8072107 0.8077084 0.790501 0.4565474 4.200435 0.01254541 3.245833 0.7543382 0.4661901

$alpha.drop
                raw_alpha std.alpha   G6(smc) average_r      S/N   alpha se       var.r     med.r
kwets_groepen_1 0.7679084 0.7656829 0.7377918 0.4496212 3.267722 0.01566949 0.022127185 0.4890547
kwets_groepen_2 0.7583328 0.7613262 0.7163407 0.4436578 3.189820 0.01619581 0.006157304 0.4507442
kwets_groepen_3 0.7564977 0.7582330 0.7213214 0.4394787 3.136214 0.01627747 0.010216052 0.4608293
kwets_groepen_4 0.8093443 0.8136845 0.7712901 0.5219452 4.367241 0.01299447 0.003818966 0.5150715
kwets_groepen_5 0.7524034 0.7495885 0.7216083 0.4280344 2.993427 0.01652096 0.018499568 0.4507442

$item.stats
                  n     raw.r     std.r     r.cor    r.drop     mean        sd
kwets_groepen_1 576 0.7817993 0.7628782 0.6724823 0.6077255 3.407986 1.1490058
kwets_groepen_2 576 0.7799151 0.7723965 0.7135954 0.6297133 2.524306 1.0280075
kwets_groepen_3 576 0.7819777 0.7790669 0.7158050 0.6358868 2.765625 1.0124094
kwets_groepen_4 576 0.6271385 0.6474405 0.5103494 0.4488439 4.430556 0.8897701
kwets_groepen_5 576 0.7851477 0.7973334 0.7300020 0.6581332 3.100694 0.9195081

$response.freq
                         1          2          3         4          5 miss
kwets_groepen_1 0.07638889 0.15625000 0.20312500 0.4114583 0.15277778    0
kwets_groepen_2 0.19097222 0.29166667 0.33333333 0.1701389 0.01388889    0
kwets_groepen_3 0.14930556 0.18402778 0.44270833 0.1996528 0.02430556    0
kwets_groepen_4 0.02430556 0.01388889 0.08506944 0.2604167 0.61631944    0
kwets_groepen_5 0.07465278 0.12500000 0.45312500 0.3194444 0.02777778    0

$keys
kwets_groepen_1 kwets_groepen_2 kwets_groepen_3 kwets_groepen_4 kwets_groepen_5 
              1               1               1               1               1 

$scores
  [1] 3.6 4.0 3.2 4.2 4.2 2.8 4.4 3.6 3.8 3.6 3.2 3.2 3.4 2.2 3.2 4.2 3.8 4.2 1.6 3.0 2.2 3.0 3.6
 [24] 4.0 4.2 3.6 3.0 4.2 4.2 4.4 3.0 2.8 3.8 3.4 3.4 4.4 3.2 1.6 3.6 4.4 3.8 2.2 4.2 3.0 4.0 3.8
 [47] 3.6 3.6 4.2 3.0 3.6 3.8 4.0 3.4 3.6 4.4 3.6 3.4 3.8 4.6 3.6 3.2 3.2 2.4 4.2 3.2 4.0 3.0 4.2
 [70] 2.6 4.4 3.0 3.2 4.0 3.6 2.0 3.4 4.4 3.0 4.2 3.8 2.0 4.0 3.2 4.2 3.0 3.4 2.4 3.4 4.2 3.0 3.4
 [93] 2.6 3.0 2.4 2.0 3.0 2.6 2.4 3.0 2.6 3.0 3.0 2.8 3.2 2.8 2.4 2.4 1.8 2.0 1.0 2.6 3.0 3.4 3.0
[116] 3.4 3.0 2.6 2.8 3.2 2.4 3.8 3.2 4.2 3.4 3.8 2.8 1.0 3.0 2.4 3.4 3.0 2.2 2.6 3.4 1.8 4.2 3.6
[139] 1.2 3.6 2.6 3.2 4.2 4.2 3.4 3.2 4.0 1.8 1.6 2.8 3.8 2.8 3.8 2.8 2.4 1.6 1.0 2.8 2.2 1.2 3.6
[162] 3.2 2.4 3.0 2.2 4.0 4.2 3.2 2.2 3.0 4.0 3.4 3.0 3.8 2.4 1.8 3.6 3.4 2.4 2.8 3.2 1.4 3.8 2.6
[185] 2.8 4.0 3.0 1.0 2.2 4.0 4.2 1.8 3.0 2.4 3.8 3.6 3.0 3.0 3.6 3.4 2.6 3.0 2.2 2.6 3.2 3.2 2.4
[208] 3.0 3.6 2.8 3.2 1.4 2.2 2.2 3.4 2.2 3.8 3.0 3.8 2.2 1.6 3.6 3.8 2.0 2.8 2.8 4.4 3.2 3.2 2.2
[231] 3.0 4.2 2.4 4.2 3.8 3.6 3.8 3.0 3.4 3.2 3.6 3.0 3.0 3.6 2.6 3.4 3.4 2.4 4.0 4.2 3.2 3.2 2.2
[254] 3.0 3.8 2.4 3.8 2.0 3.4 3.8 3.0 1.8 1.4 4.2 4.2 3.4 3.4 2.4 3.0 2.8 3.0 2.6 3.6 4.2 3.4 5.0
[277] 1.0 3.6 3.0 2.4 2.6 3.4 3.4 2.0 2.4 3.0 2.8 4.0 2.6 1.8 3.2 4.2 4.0 3.8 2.6 3.6 3.2 3.4 4.2
[300] 1.0 2.6 2.8 1.6 3.8 2.4 3.6 4.4 3.0 2.8 4.2 2.4 2.4 2.6 3.8 1.0 3.0 1.2 2.4 3.8 2.8 3.6 4.2
[323] 3.2 3.8 3.8 3.0 4.2 3.8 3.6 2.0 3.4 3.2 3.4 2.8 3.8 3.8 1.8 3.0 3.8 4.0 3.4 4.2 2.8 3.0 3.8
[346] 3.0 3.4 2.2 3.0 3.0 3.2 3.4 3.8 3.6 3.4 3.4 3.0 2.0 2.8 2.2 3.8 4.2 4.0 3.4 2.4 2.6 3.4 3.0
[369] 3.6 3.6 3.2 3.2 3.2 3.6 1.0 3.4 3.8 3.4 3.2 2.8 3.4 3.0 4.0 4.0 4.0 4.2 4.4 4.4 3.2 4.2 3.4
[392] 3.2 3.8 4.0 3.8 3.2 1.6 3.0 3.8 2.0 4.0 3.6 3.8 4.2 3.2 2.8 3.6 3.8 2.6 3.0 3.8 3.2 4.0 4.0
[415] 4.0 3.0 3.4 3.4 3.6 3.2 2.8 3.8 4.4 3.0 3.8 3.0 4.0 4.2 4.4 4.4 4.4 3.8 3.4 4.2 2.0 4.2 3.6
[438] 2.8 4.0 3.2 3.6 4.0 3.6 4.2 3.8 2.2 2.6 3.0 3.0 4.0 3.4 4.0 3.4 3.4 3.2 3.2 3.6 3.4 3.6 3.0
[461] 4.0 3.6 3.0 2.4 4.2 3.4 2.8 3.0 3.6 3.8 3.2 3.6 4.2 3.2 3.0 3.4 3.8 3.2 3.4 4.0 3.4 3.8 4.6
[484] 3.6 3.6 3.4 4.0 2.4 2.8 3.2 4.0 4.2 4.2 2.8 3.2 4.2 3.4 3.2 3.4 3.4 3.4 3.4 3.8 2.4 4.0 4.0
[507] 3.6 3.0 3.8 3.4 3.8 3.0 3.8 3.8 2.4 3.6 4.2 4.2 3.4 3.4 4.2 4.0 3.0 2.0 3.0 4.2 2.2 3.8 2.4
[530] 3.4 2.0 3.2 3.8 2.8 3.6 1.6 3.6 3.2 3.6 3.2 3.6 5.0 2.4 1.0 2.8 3.6 3.6 3.4 5.0 2.8 2.8 3.2
[553] 3.2 3.2 4.4 3.4 4.0 3.4 4.2 4.2 3.4 4.0 3.8 4.4 4.0 3.8 4.0 3.0 3.2 3.0 3.8 2.4 4.0 3.0 2.4
[576] 1.4

$nvar
[1] 5

$boot.ci
NULL

$boot
NULL

$Unidim
$Unidim$Unidim
[1] 0.8188368


$var.r
[1] 0.0125062

$Fit
$Fit$Fit.off
[1] 0.9632886


$call
psych::alpha(x = .)

$title
NULL

attr(,"class")
[1] "psych" "alpha"

 response efficacy T0 
          
 0.8477075

 feelings T0 
$total
 raw_alpha std.alpha   G6(smc) average_r      S/N         ase     mean        sd  median_r
 0.9248182 0.9250389 0.9117444 0.7116536 12.34026 0.004980304 3.847692 0.9204007 0.7057476

$alpha.drop
                  raw_alpha std.alpha   G6(smc) average_r       S/N    alpha se        var.r
Gev_sympathie     0.9024774 0.9026834 0.8771348 0.6986985  9.275738 0.006667005 0.0015636871
Gev_medeleven     0.9026892 0.9030252 0.8796335 0.6995183  9.311960 0.006663483 0.0016796861
Gev_betrokkenheid 0.9084317 0.9088279 0.8872023 0.7136366  9.968267 0.006287337 0.0024350206
Gev_begrip        0.9128223 0.9128653 0.8878362 0.7236897 10.476478 0.005932312 0.0005023841
Gev_warmte        0.9122635 0.9124811 0.8893994 0.7227249 10.426107 0.005989422 0.0008642923
                      med.r
Gev_sympathie     0.7001409
Gev_medeleven     0.7029703
Gev_betrokkenheid 0.7245483
Gev_begrip        0.7194982
Gev_warmte        0.7172173

$item.stats
                    n     raw.r     std.r     r.cor    r.drop     mean       sd
Gev_sympathie     260 0.8935891 0.8948348 0.8660033 0.8313313 4.034615 1.022316
Gev_medeleven     260 0.8937788 0.8937132 0.8627879 0.8290133 3.900000 1.053400
Gev_betrokkenheid 260 0.8738451 0.8743975 0.8304340 0.7999642 3.619231 1.038457
Gev_begrip        260 0.8618897 0.8606436 0.8142318 0.7783031 4.096154 1.073723
Gev_warmte        260 0.8624141 0.8619636 0.8141016 0.7805526 3.588462 1.059914

$response.freq
                           1          2         3         4         5      miss
Gev_sympathie     0.03076923 0.03461538 0.2153846 0.3076923 0.4115385 0.5486111
Gev_medeleven     0.02692308 0.09230769 0.1692308 0.3769231 0.3346154 0.5486111
Gev_betrokkenheid 0.03846154 0.08846154 0.3038462 0.3538462 0.2153846 0.5486111
Gev_begrip        0.03461538 0.06153846 0.1384615 0.3038462 0.4615385 0.5486111
Gev_warmte        0.03846154 0.09230769 0.3423077 0.2961538 0.2307692 0.5486111

$keys
    Gev_sympathie     Gev_medeleven Gev_betrokkenheid        Gev_begrip        Gev_warmte 
                1                 1                 1                 1                 1 

$scores
  [1] NaN NaN NaN 5.0 NaN 4.8 NaN 5.0 NaN NaN NaN 2.2 NaN 4.8 NaN 4.0 NaN 4.8 NaN NaN NaN NaN NaN
 [24] NaN NaN 4.6 3.0 3.6 NaN 4.6 NaN NaN NaN NaN 4.4 3.0 NaN 2.0 NaN 4.8 NaN 3.0 5.0 2.6 NaN NaN
 [47] NaN 4.0 4.8 NaN 3.8 5.0 NaN NaN NaN 4.4 4.4 4.4 5.0 NaN 4.0 5.0 NaN NaN 3.6 4.4 4.2 3.6 4.8
 [70] 3.0 5.0 NaN NaN NaN NaN NaN NaN 4.6 3.8 4.8 5.0 NaN 3.0 4.0 4.6 4.8 5.0 NaN 5.0 NaN NaN NaN
 [93] NaN 3.8 3.4 NaN NaN 3.0 2.0 NaN 3.0 3.0 NaN 5.0 3.6 NaN 3.4 NaN NaN NaN NaN NaN 4.0 NaN NaN
[116] NaN NaN 3.6 3.6 3.8 NaN 5.0 3.6 NaN 2.8 3.4 2.6 NaN NaN 3.6 5.0 NaN 3.8 NaN 2.6 4.2 NaN 4.4
[139] 3.0 4.6 NaN NaN NaN 4.6 NaN NaN 3.2 NaN NaN 3.0 NaN NaN 2.8 2.6 3.0 2.4 NaN NaN NaN NaN 1.6
[162] NaN NaN 3.0 NaN 3.4 NaN NaN 5.0 NaN NaN 2.0 1.0 4.8 NaN NaN 4.2 NaN NaN NaN NaN 4.4 4.6 NaN
[185] NaN NaN 4.0 3.0 NaN 2.8 NaN 5.0 3.0 NaN 5.0 NaN NaN NaN 4.4 NaN NaN NaN 1.8 2.2 NaN 3.8 NaN
[208] 3.4 3.4 2.4 NaN NaN NaN 3.6 2.4 NaN 4.4 NaN 4.6 NaN 3.4 NaN 3.4 NaN NaN 4.0 NaN 3.2 4.6 NaN
[231] NaN NaN 3.4 4.6 2.6 3.8 NaN NaN 1.8 1.8 3.4 3.0 1.6 1.0 3.4 4.0 NaN NaN NaN NaN NaN NaN NaN
[254] NaN NaN NaN NaN NaN NaN 5.0 NaN NaN 4.0 NaN 4.8 NaN NaN NaN 4.0 3.8 NaN 3.0 4.8 4.6 NaN NaN
[277] NaN 1.2 NaN NaN NaN 4.4 NaN NaN NaN NaN 3.0 5.0 NaN NaN NaN 4.4 NaN 5.0 NaN 3.4 NaN 5.0 NaN
[300] NaN NaN NaN 4.4 3.6 NaN 3.6 NaN NaN NaN 5.0 4.2 NaN NaN 3.0 NaN NaN NaN 4.6 3.8 2.4 3.2 3.6
[323] 5.0 NaN 5.0 NaN NaN NaN NaN 3.0 4.4 2.6 NaN NaN 4.0 4.8 NaN 4.4 4.4 4.0 3.6 NaN NaN NaN NaN
[346] NaN 2.6 NaN NaN NaN 3.0 3.8 4.6 4.0 3.4 4.2 NaN NaN NaN NaN NaN NaN 4.8 NaN 3.6 NaN 4.6 2.0
[369] NaN 4.6 NaN NaN NaN NaN NaN NaN NaN 5.0 3.4 3.8 NaN NaN 3.6 NaN NaN NaN NaN NaN NaN NaN 3.8
[392] 4.0 4.0 4.0 NaN NaN 4.4 NaN NaN 4.0 3.4 NaN NaN 4.0 3.2 4.8 NaN NaN 2.2 4.8 NaN 4.2 NaN 5.0
[415] NaN NaN NaN NaN 3.8 4.0 NaN NaN NaN 2.8 4.0 4.0 NaN 4.2 5.0 4.4 4.4 5.0 NaN 4.0 NaN 4.8 5.0
[438] 4.2 4.2 NaN 4.8 NaN NaN NaN NaN 4.2 NaN NaN 4.2 5.0 NaN 4.8 NaN NaN 2.2 2.6 3.6 NaN 4.4 NaN
[461] NaN NaN NaN 3.2 NaN 4.4 NaN NaN 5.0 NaN 4.4 NaN 5.0 NaN NaN 5.0 NaN 4.2 NaN 4.0 NaN NaN NaN
[484] NaN 3.0 NaN 5.0 3.8 NaN 3.0 5.0 NaN 4.4 4.2 NaN NaN 4.0 3.2 NaN 4.4 4.0 NaN NaN 3.0 NaN NaN
[507] NaN 2.4 NaN NaN 4.6 NaN NaN 4.2 2.6 NaN 5.0 NaN 3.0 3.0 NaN NaN 5.0 3.8 NaN NaN 5.0 NaN NaN
[530] 3.4 NaN NaN NaN 3.4 4.0 NaN 4.4 3.8 NaN NaN NaN NaN NaN 1.0 NaN NaN NaN NaN 4.0 NaN NaN 3.0
[553] NaN NaN NaN 4.4 NaN NaN 4.0 NaN NaN NaN NaN 4.0 3.8 4.2 NaN NaN NaN NaN 5.0 NaN 4.4 NaN 3.6
[576] NaN

$nvar
[1] 5

$boot.ci
NULL

$boot
NULL

$Unidim
$Unidim$Unidim
[1] 0.9708643


$var.r
[1] 0.00143497

$Fit
$Fit$Fit.off
[1] 0.9847045


$call
psych::alpha(x = .)

$title
NULL

attr(,"class")
[1] "psych" "alpha"

 statements T0 
$total
 raw_alpha std.alpha   G6(smc) average_r      S/N       ase     mean      sd  median_r
 0.6604659 0.6606483 0.6800698 0.3273688 1.946795 0.0212133 3.654808 0.85809 0.3105598

$alpha.drop
                  raw_alpha std.alpha   G6(smc) average_r       S/N   alpha se       var.r
eigen_schuld_R    0.7887041 0.8185453 0.7596315 0.6005867 4.5110173 0.01471166 0.006126521
kwets_beschermen  0.5167545 0.5229269 0.5148280 0.2675987 1.0961149 0.03199796 0.089381098
belang_voorkomen  0.4557808 0.4158165 0.4131803 0.1917648 0.7117910 0.03545860 0.082555193
bereid_beschermen 0.4965010 0.4993663 0.5455946 0.2495250 0.9974683 0.03674660 0.138286058
                       med.r
eigen_schuld_R    0.61265683
kwets_beschermen  0.10413888
belang_voorkomen  0.08600032
bereid_beschermen 0.10413888

$item.stats
                    n     raw.r     std.r      r.cor    r.drop     mean        sd
eigen_schuld_R    260 0.3584995 0.4128400 0.08332071 0.0629821 2.976923 1.0282901
kwets_beschermen  260 0.7721937 0.7676178 0.70683011 0.5494220 3.838462 1.2163865
belang_voorkomen  260 0.8316024 0.8484140 0.83728929 0.7038181 4.130769 0.9657331
bereid_beschermen 260 0.8397682 0.7868742 0.69460276 0.5747690 3.673077 1.5734422

$response.freq
                           0          1         2          3         4         5      miss
eigen_schuld_R    0.01538462 0.08846154 0.1807692 0.33461538 0.3807692 0.0000000 0.5486111
kwets_beschermen  0.00000000 0.06923077 0.1038462 0.10384615 0.3653846 0.3576923 0.5486111
belang_voorkomen  0.00000000 0.02692308 0.0500000 0.09615385 0.4192308 0.4076923 0.5486111
bereid_beschermen 0.00000000 0.18076923 0.1115385 0.03076923 0.2076923 0.4692308 0.5486111

$keys
   eigen_schuld_R  kwets_beschermen  belang_voorkomen bereid_beschermen 
                1                 1                 1                 1 

$scores
  [1]  NaN  NaN  NaN 4.75  NaN 4.50  NaN 4.50  NaN  NaN  NaN 3.25  NaN 3.75  NaN 4.00  NaN 4.50  NaN
 [20]  NaN  NaN  NaN  NaN  NaN  NaN 4.50 3.75 3.00  NaN 3.00  NaN  NaN  NaN  NaN 4.25 4.00  NaN 2.25
 [39]  NaN 4.75  NaN 2.25 3.75 2.25  NaN  NaN  NaN 4.75 4.25  NaN 4.25 4.50  NaN  NaN  NaN 4.50 4.00
 [58] 2.50 4.75  NaN 4.00 3.25  NaN  NaN 4.75 3.75 4.25 3.00 4.50 3.75 4.50  NaN  NaN  NaN  NaN  NaN
 [77]  NaN 4.50 4.25 4.25 4.25  NaN 4.50 4.50 4.00 4.25 4.25  NaN 4.50  NaN  NaN  NaN  NaN 3.50 2.00
 [96]  NaN  NaN 2.75 2.00  NaN 3.25 3.25  NaN 3.00 4.00  NaN 2.00  NaN  NaN  NaN  NaN  NaN 1.25  NaN
[115]  NaN  NaN  NaN 2.75 3.00 3.50  NaN 4.25 3.75  NaN 3.50 3.50 2.75  NaN  NaN 3.00 3.75  NaN 2.50
[134]  NaN 1.75 2.00  NaN 4.25 2.25 4.00  NaN  NaN  NaN 4.00  NaN  NaN 2.00  NaN  NaN 2.50  NaN  NaN
[153] 2.75 2.25 3.75 2.00  NaN  NaN  NaN  NaN 2.25  NaN  NaN 2.25  NaN 4.50  NaN  NaN 3.75  NaN  NaN
[172] 1.75 2.75 4.25  NaN  NaN 4.00  NaN  NaN  NaN  NaN 3.75 4.75  NaN  NaN  NaN 3.50 2.25  NaN 3.25
[191]  NaN 3.25 3.25  NaN 4.25  NaN  NaN  NaN 4.25  NaN  NaN  NaN 2.75 2.50  NaN 3.00  NaN 3.25 4.50
[210] 1.75  NaN  NaN  NaN 4.50 1.00  NaN 3.75  NaN 4.50  NaN 2.50  NaN 3.25  NaN  NaN 3.75  NaN 3.00
[229] 4.50  NaN  NaN  NaN 2.50 3.75 3.75 4.00  NaN  NaN 3.00 2.75 3.25 1.75 2.00 2.25 2.00 3.00  NaN
[248]  NaN  NaN  NaN  NaN  NaN  NaN  NaN  NaN  NaN  NaN  NaN  NaN 4.25  NaN  NaN 2.75  NaN 4.75  NaN
[267]  NaN  NaN 2.75 3.75  NaN 3.25 4.25 4.75  NaN  NaN  NaN 1.75  NaN  NaN  NaN 4.50  NaN  NaN  NaN
[286]  NaN 3.50 4.50  NaN  NaN  NaN 4.50  NaN 2.25  NaN 3.75  NaN 4.75  NaN  NaN  NaN  NaN 3.50 3.50
[305]  NaN 4.00  NaN  NaN  NaN 3.75 3.75  NaN  NaN 3.75  NaN  NaN  NaN 3.50 4.50 2.50 3.75 3.75 4.75
[324]  NaN 4.75  NaN  NaN  NaN  NaN 3.50 3.75 2.25  NaN  NaN 4.00 4.50  NaN 4.50 4.25 4.00 3.75  NaN
[343]  NaN  NaN  NaN  NaN 3.75  NaN  NaN  NaN 2.25 3.00 4.75 4.75 3.00 4.25  NaN  NaN  NaN  NaN  NaN
[362]  NaN 4.00  NaN 4.25  NaN 4.50 3.50  NaN 3.50  NaN  NaN  NaN  NaN  NaN  NaN  NaN 4.00 4.00 2.50
[381]  NaN  NaN 3.50  NaN  NaN  NaN  NaN  NaN  NaN  NaN 3.75 4.50 4.25 4.00  NaN  NaN 3.50  NaN  NaN
[400] 4.25 4.00  NaN  NaN 4.50 3.75 4.75  NaN  NaN 2.75 4.75  NaN 4.00  NaN 4.25  NaN  NaN  NaN  NaN
[419] 3.75 2.75  NaN  NaN  NaN 3.50 4.50 4.00  NaN 4.50 4.75 4.50 3.75 4.25  NaN 4.75  NaN 3.75 4.50
[438] 2.50 4.50  NaN 3.75  NaN  NaN  NaN  NaN 4.50  NaN  NaN 4.00 4.50  NaN 4.50  NaN  NaN 3.75 2.00
[457] 3.75  NaN 3.75  NaN  NaN  NaN  NaN 2.75  NaN 3.75  NaN  NaN 4.75  NaN 4.00  NaN 4.75  NaN  NaN
[476] 3.75  NaN 4.25  NaN 4.25  NaN  NaN  NaN  NaN 3.75  NaN 4.25 2.25  NaN 4.25 4.75  NaN 3.00 3.75
[495]  NaN  NaN 3.25 3.75  NaN 4.50 4.25  NaN  NaN 3.50  NaN  NaN  NaN 3.50  NaN  NaN 4.00  NaN  NaN
[514] 4.00 3.50  NaN 4.50  NaN 3.50 4.25  NaN  NaN 3.75 2.50  NaN  NaN 4.75  NaN  NaN 4.00  NaN  NaN
[533]  NaN 4.25 4.50  NaN 4.25 3.75  NaN  NaN  NaN  NaN  NaN 0.75  NaN  NaN  NaN  NaN 4.50  NaN  NaN
[552] 3.00  NaN  NaN  NaN 4.00  NaN  NaN 4.00  NaN  NaN  NaN  NaN 4.25 4.00 4.00  NaN  NaN  NaN  NaN
[571] 4.75  NaN 4.50  NaN 3.75  NaN

$nvar
[1] 4

$boot.ci
NULL

$boot
NULL

$Unidim
$Unidim$Unidim
[1] 0.5582872


$var.r
[1] 0.09407035

$Fit
$Fit$Fit.off
[1] 0.8523204


$call
psych::alpha(x = .)

$title
NULL

attr(,"class")
[1] "psych" "alpha"

 statements T0 (2) 
$total
 raw_alpha std.alpha   G6(smc) average_r      S/N        ase     mean       sd  median_r
 0.7887041 0.8185453 0.7596315 0.6005867 4.511017 0.01471166 3.880769 1.070195 0.6126568

$alpha.drop
                  raw_alpha std.alpha   G6(smc) average_r      S/N   alpha se var.r     med.r
kwets_beschermen  0.7065672 0.7598105 0.6126568 0.6126568 3.163380 0.02057303    NA 0.6126568
belang_voorkomen  0.6669486 0.6815917 0.5169807 0.5169807 2.140621 0.02655429    NA 0.5169807
bereid_beschermen 0.7912611 0.8039155 0.6721226 0.6721226 4.099842 0.01659402    NA 0.6721226

$item.stats
                    n     raw.r     std.r     r.cor    r.drop     mean        sd
kwets_beschermen  260 0.8344015 0.8518802 0.7405330 0.6370728 3.838462 1.2163865
belang_voorkomen  260 0.8556927 0.8891121 0.8181913 0.7313305 4.130769 0.9657331
bereid_beschermen 260 0.8702319 0.8287393 0.6809726 0.6109183 3.673077 1.5734422

$response.freq
                           1         2          3         4         5      miss
kwets_beschermen  0.06923077 0.1038462 0.10384615 0.3653846 0.3576923 0.5486111
belang_voorkomen  0.02692308 0.0500000 0.09615385 0.4192308 0.4076923 0.5486111
bereid_beschermen 0.18076923 0.1115385 0.03076923 0.2076923 0.4692308 0.5486111

$keys
 kwets_beschermen  belang_voorkomen bereid_beschermen 
                1                 1                 1 

$scores
  [1]      NaN      NaN      NaN 5.000000      NaN 5.000000      NaN 4.666667      NaN      NaN
 [11]      NaN 3.000000      NaN 3.666667      NaN 4.333333      NaN 4.666667      NaN      NaN
 [21]      NaN      NaN      NaN      NaN      NaN 4.666667 4.000000 2.666667      NaN 3.000000
 [31]      NaN      NaN      NaN      NaN 4.333333 4.000000      NaN 3.000000      NaN 5.000000
 [41]      NaN 2.333333 4.000000 2.666667      NaN      NaN      NaN 5.000000 4.333333      NaN
 [51] 5.000000 5.000000      NaN      NaN      NaN 5.000000 4.666667 2.666667 5.000000      NaN
 [61] 5.000000 4.000000      NaN      NaN 5.000000 4.000000 5.000000 3.000000 5.000000 4.000000
 [71] 5.000000      NaN      NaN      NaN      NaN      NaN      NaN 5.000000 4.666667 4.666667
 [81] 4.333333      NaN 5.000000 4.666667 5.000000 5.000000 5.000000      NaN 5.000000      NaN
 [91]      NaN      NaN      NaN 3.333333 2.000000      NaN      NaN 3.333333 2.333333      NaN
[101] 3.000000 3.333333      NaN 2.666667 4.000000      NaN 2.000000      NaN      NaN      NaN
[111]      NaN      NaN 1.000000      NaN      NaN      NaN      NaN 2.333333 3.666667 3.333333
[121]      NaN 5.000000 4.000000      NaN 3.333333 3.666667 2.333333      NaN      NaN 2.666667
[131] 4.333333      NaN 2.000000      NaN 1.666667 2.333333      NaN 4.666667 2.666667 4.666667
[141]      NaN      NaN      NaN 4.666667      NaN      NaN 1.333333      NaN      NaN 3.000000
[151]      NaN      NaN 3.000000 2.000000 3.666667 2.000000      NaN      NaN      NaN      NaN
[161] 1.666667      NaN      NaN 3.000000      NaN 4.666667      NaN      NaN 3.666667      NaN
[171]      NaN 1.666667 2.333333 4.666667      NaN      NaN 4.000000      NaN      NaN      NaN
[181]      NaN 3.666667 5.000000      NaN      NaN      NaN 3.666667 1.666667      NaN 3.000000
[191]      NaN 3.333333 3.666667      NaN 5.000000      NaN      NaN      NaN 4.666667      NaN
[201]      NaN      NaN 3.000000 3.000000      NaN 3.666667      NaN 3.666667 5.000000 1.000000
[211]      NaN      NaN      NaN 4.666667 1.333333      NaN 4.333333      NaN 5.000000      NaN
[221] 2.333333      NaN 3.333333      NaN      NaN 4.000000      NaN 3.333333 5.000000      NaN
[231]      NaN      NaN 2.333333 4.666667 4.000000 4.333333      NaN      NaN 2.666667 2.666667
[241] 3.333333 1.000000 1.333333 1.666667 2.000000 3.333333      NaN      NaN      NaN      NaN
[251]      NaN      NaN      NaN      NaN      NaN      NaN      NaN      NaN      NaN 4.666667
[261]      NaN      NaN 2.333333      NaN 5.000000      NaN      NaN      NaN 3.000000 4.000000
[271]      NaN 3.666667 4.333333 5.000000      NaN      NaN      NaN 1.000000      NaN      NaN
[281]      NaN 4.666667      NaN      NaN      NaN      NaN 4.333333 5.000000      NaN      NaN
[291]      NaN 5.000000      NaN 2.333333      NaN 4.000000      NaN 5.000000      NaN      NaN
[301]      NaN      NaN 3.333333 3.666667      NaN 4.333333      NaN      NaN      NaN 4.666667
[311] 4.000000      NaN      NaN 4.000000      NaN      NaN      NaN 3.333333 4.666667 2.000000
[321] 3.666667 3.666667 5.000000      NaN 5.000000      NaN      NaN      NaN      NaN 3.333333
[331] 4.000000 1.666667      NaN      NaN 4.333333 5.000000      NaN 4.666667 4.333333 4.333333
[341] 4.000000      NaN      NaN      NaN      NaN      NaN 4.000000      NaN      NaN      NaN
[351] 2.333333 3.333333 5.000000 5.000000 3.333333 5.000000      NaN      NaN      NaN      NaN
[361]      NaN      NaN 5.000000      NaN 4.333333      NaN 5.000000 3.666667      NaN 3.333333
[371]      NaN      NaN      NaN      NaN      NaN      NaN      NaN 5.000000 4.333333 3.000000
[381]      NaN      NaN 3.666667      NaN      NaN      NaN      NaN      NaN      NaN      NaN
[391] 4.000000 5.000000 4.666667 4.333333      NaN      NaN 3.333333      NaN      NaN 4.666667
[401] 4.333333      NaN      NaN 5.000000 4.000000 5.000000      NaN      NaN 3.333333 5.000000
[411]      NaN 4.666667      NaN 5.000000      NaN      NaN      NaN      NaN 4.000000 2.666667
[421]      NaN      NaN      NaN 3.333333 5.000000 5.000000      NaN 5.000000 5.000000 5.000000
[431] 4.000000 4.666667      NaN 5.000000      NaN 4.333333 5.000000 2.666667 5.000000      NaN
[441] 4.000000      NaN      NaN      NaN      NaN 4.666667      NaN      NaN 4.333333 5.000000
[451]      NaN 4.666667      NaN      NaN 3.666667 1.333333 4.333333      NaN 4.666667      NaN
[461]      NaN      NaN      NaN 2.333333      NaN 4.333333      NaN      NaN 5.000000      NaN
[471] 4.333333      NaN 5.000000      NaN      NaN 4.333333      NaN 4.333333      NaN 4.333333
[481]      NaN      NaN      NaN      NaN 4.333333      NaN 5.000000 2.000000      NaN 4.333333
[491] 5.000000      NaN 3.000000 3.666667      NaN      NaN 3.000000 4.000000      NaN 5.000000
[501] 4.666667      NaN      NaN 4.333333      NaN      NaN      NaN 4.000000      NaN      NaN
[511] 4.000000      NaN      NaN 4.000000 3.666667      NaN 4.666667      NaN 4.000000 5.000000
[521]      NaN      NaN 4.000000 2.000000      NaN      NaN 5.000000      NaN      NaN 4.000000
[531]      NaN      NaN      NaN 4.666667 4.666667      NaN 4.333333 4.666667      NaN      NaN
[541]      NaN      NaN      NaN 1.000000      NaN      NaN      NaN      NaN 5.000000      NaN
[551]      NaN 3.333333      NaN      NaN      NaN 4.333333      NaN      NaN 4.000000      NaN
[561]      NaN      NaN      NaN 5.000000 4.000000 4.000000      NaN      NaN      NaN      NaN
[571] 5.000000      NaN 4.666667      NaN 3.666667      NaN

$nvar
[1] 3

$boot.ci
NULL

$boot
NULL

$Unidim
$Unidim$Unidim
[1] 0.9030401


$var.r
[1] 0.006126521

$Fit
$Fit$Fit.off
[1] 0.9750369


$call
psych::alpha(x = .)

$title
NULL

attr(,"class")
[1] "psych" "alpha"

 behaviour index T1 
$total
 raw_alpha std.alpha   G6(smc) average_r      S/N        ase     mean        sd  median_r
 0.8059085 0.8209551 0.8200943 0.3957804 4.585192 0.01240207 3.820427 0.8468132 0.3892748

$alpha.drop
           raw_alpha std.alpha   G6(smc) average_r      S/N   alpha se      var.r     med.r
Gedrag_2_1 0.7741990 0.7904342 0.7827466 0.3859864 3.771771 0.01461097 0.01691540 0.3892748
Gedrag_2_2 0.7865246 0.8053169 0.7946450 0.4080828 4.136553 0.01379568 0.01776043 0.4132986
Gedrag_2_3 0.7626516 0.7790910 0.7707201 0.3701945 3.526751 0.01538806 0.01350273 0.3558290
Gedrag_2_4 0.7785366 0.7975040 0.7944310 0.3962792 3.938369 0.01446022 0.01841581 0.3892748
Gedrag_2_5 0.8076750 0.8145030 0.8063398 0.4225730 4.390924 0.01239294 0.01187329 0.3892748
Gedrag_2_6 0.7463861 0.7697791 0.7600823 0.3578530 3.343655 0.01659631 0.01157105 0.3445402
Gedrag_2_7 0.8066086 0.8187414 0.8108973 0.4294940 4.516980 0.01230571 0.01374389 0.4333777

$item.stats
             n     raw.r     std.r     r.cor    r.drop     mean       sd
Gedrag_2_1 428 0.7011533 0.7245587 0.6706023 0.5928531 3.710280 1.044754
Gedrag_2_2 428 0.6400194 0.6563647 0.5760142 0.5063662 4.084112 1.119313
Gedrag_2_3 428 0.7598856 0.7732960 0.7437354 0.6680864 3.628505 1.044594
Gedrag_2_4 428 0.6782664 0.6927930 0.6172630 0.5638960 4.058411 1.046394
Gedrag_2_5 428 0.6545434 0.6116448 0.5156285 0.4498198 3.532710 1.622833
Gedrag_2_6 428 0.8145116 0.8113845 0.7977950 0.7146697 3.817757 1.314471
Gedrag_2_7 428 0.5996774 0.5902852 0.4804279 0.4128102 3.911215 1.404765

$response.freq
                    1          2          3         4         5      miss
Gedrag_2_1 0.04439252 0.08644860 0.20560748 0.4415888 0.2219626 0.2569444
Gedrag_2_2 0.04906542 0.06074766 0.10981308 0.3177570 0.4626168 0.2569444
Gedrag_2_3 0.04672897 0.11448598 0.17523364 0.4906542 0.1728972 0.2569444
Gedrag_2_4 0.03738318 0.05373832 0.13317757 0.3644860 0.4112150 0.2569444
Gedrag_2_5 0.23598131 0.05607477 0.07242991 0.2102804 0.4252336 0.2569444
Gedrag_2_6 0.10747664 0.07242991 0.10747664 0.3200935 0.3925234 0.2569444
Gedrag_2_7 0.10747664 0.09813084 0.09345794 0.1775701 0.5233645 0.2569444

$keys
Gedrag_2_1 Gedrag_2_2 Gedrag_2_3 Gedrag_2_4 Gedrag_2_5 Gedrag_2_6 Gedrag_2_7 
         1          1          1          1          1          1          1 

$scores
  [1] 4.714286      NaN      NaN      NaN 4.428571 4.285714 4.857143 3.571429      NaN      NaN
 [11] 2.857143 2.428571 4.000000 2.000000      NaN 3.857143 5.000000 4.285714      NaN 3.571429
 [21] 4.571429 4.000000 2.714286 3.714286 4.428571 3.857143 4.857143      NaN 4.714286      NaN
 [31]      NaN 3.285714      NaN 3.857143 4.857143 3.428571 3.285714      NaN      NaN 5.000000
 [41]      NaN 2.000000      NaN 3.142857 4.142857 4.142857 4.285714      NaN 4.571429 4.571429
 [51] 4.428571 4.571429      NaN 3.571429 4.857143 3.714286 4.857143 3.857143 5.000000 3.142857
 [61] 4.428571 3.857143 4.428571 4.714286 4.857143 4.285714 4.428571      NaN      NaN      NaN
 [71] 4.285714 3.857143 4.285714 4.428571 4.428571 3.857143      NaN 4.571429 3.857143 4.714286
 [81] 4.428571      NaN      NaN 4.714286 4.571429 4.285714 4.000000 2.000000 4.857143 4.571429
 [91]      NaN      NaN 3.142857 3.142857      NaN      NaN      NaN      NaN 2.428571 2.285714
[101]      NaN      NaN 3.714286      NaN 3.000000 3.571429 2.714286 3.857143      NaN      NaN
[111]      NaN 4.285714      NaN 4.428571 3.428571 3.142857 2.857143 2.714286      NaN 3.142857
[121] 2.571429 5.000000      NaN 3.142857 3.142857 3.857143 2.571429      NaN 3.571429 1.857143
[131] 4.428571 3.142857 2.714286 3.857143 2.857143 2.285714 4.571429 4.714286      NaN 3.857143
[141]      NaN 3.714286      NaN 4.142857 4.857143      NaN      NaN      NaN 2.142857 2.857143
[151] 4.857143 4.857143 2.857143      NaN 3.142857      NaN 1.000000 3.285714 2.000000 1.285714
[161] 2.000000      NaN      NaN 2.428571 1.714286 3.714286 4.428571      NaN 3.285714 4.142857
[171] 4.000000      NaN      NaN      NaN      NaN      NaN      NaN 4.714286 1.571429      NaN
[181] 3.428571      NaN 4.571429 4.571429      NaN 2.571429 2.571429 3.142857 3.285714      NaN
[191] 4.571429 2.571429 4.000000 2.571429 4.428571 3.857143 1.714286 2.571429 4.285714 4.428571
[201] 3.142857 2.714286 2.857143 1.714286 4.428571 2.857143 3.000000      NaN 4.571429 3.285714
[211] 3.571429      NaN      NaN 4.142857      NaN 3.142857 4.857143 1.714286 4.857143 2.571429
[221] 2.857143 4.571429 3.857143 3.428571      NaN 3.428571 4.714286 3.428571 4.714286      NaN
[231] 3.714286 4.714286 3.714286 4.000000 3.714286 4.285714 5.000000      NaN 4.285714      NaN
[241] 4.428571      NaN      NaN      NaN      NaN      NaN 4.142857      NaN 4.571429 4.857143
[251] 2.714286 3.142857 3.714286 3.285714 4.571429      NaN 3.714286 4.142857 4.571429 4.142857
[261]      NaN 2.571429 2.571429 4.285714 4.428571 3.142857 3.428571      NaN 3.714286 3.857143
[271]      NaN 2.142857      NaN 4.571429 3.428571      NaN      NaN      NaN 4.000000      NaN
[281] 4.428571 3.285714 4.142857 2.428571 1.571429      NaN 4.571429 4.714286      NaN 2.428571
[291] 3.857143 4.000000 4.285714 1.857143 4.142857 4.142857 3.714286 2.571429      NaN 1.285714
[301]      NaN 4.142857      NaN 4.142857 3.714286 3.857143 3.571429      NaN 4.571429 4.285714
[311]      NaN 1.571429 2.714286 3.857143 1.000000 4.285714 2.714286 3.428571 4.571429 3.571429
[321] 3.142857      NaN      NaN 4.428571 4.571429 4.142857 4.142857 4.714286      NaN      NaN
[331] 3.857143 2.428571 3.857143 2.571429 4.285714 4.571429      NaN 4.142857 4.142857 4.571429
[341] 3.857143      NaN 4.571429      NaN 4.714286 3.714286 4.142857 3.571429 3.857143 4.000000
[351] 1.714286 3.571429 4.142857 4.142857 4.142857 3.714286 3.428571 3.714286 2.857143 3.428571
[361]      NaN 4.285714 4.285714      NaN 3.571429 2.714286 4.142857 2.714286 4.571429      NaN
[371] 4.428571 4.857143 2.285714 3.857143      NaN 4.285714 4.857143 4.571429 4.428571 1.714286
[381] 3.857143 4.285714 3.857143 4.857143 4.285714 4.142857 4.285714 4.428571      NaN 4.571429
[391] 4.285714 4.285714 4.714286 4.142857 4.285714      NaN      NaN      NaN 5.000000      NaN
[401] 3.714286 3.571429      NaN 4.714286      NaN 3.857143 3.714286 3.428571 3.428571 4.571429
[411]      NaN 4.428571      NaN 4.857143      NaN 4.571429      NaN 3.857143      NaN 2.571429
[421] 4.571429 3.285714 4.571429 4.571429 4.285714 3.714286 4.714286      NaN 4.857143 4.571429
[431] 4.428571 4.285714 3.857143 4.428571 4.571429      NaN 4.714286 3.142857 3.714286      NaN
[441] 4.428571 4.285714      NaN 4.571429 4.571429 2.285714 2.857143 4.285714 4.428571 4.428571
[451]      NaN 4.857143 4.142857 4.285714      NaN      NaN      NaN 4.571429 4.428571 4.714286
[461] 4.428571 4.714286      NaN 1.714286      NaN 4.428571      NaN 4.285714 4.428571 4.428571
[471] 4.571429 3.714286 4.428571 3.857143 1.857143 4.571429 4.428571 4.285714 3.571429 3.857143
[481] 4.000000 3.714286 4.714286 4.142857      NaN 4.285714 4.428571      NaN      NaN 4.285714
[491]      NaN 4.142857 3.857143      NaN 3.285714 4.571429 4.571429 3.857143 4.285714 4.000000
[501]      NaN 4.571429 3.857143      NaN      NaN 4.428571 4.285714 4.285714 4.571429 3.857143
[511] 4.714286 4.428571 4.714286 3.428571 3.142857 3.714286      NaN 3.857143      NaN 4.714286
[521] 4.285714 4.714286 4.285714 3.142857 1.857143      NaN 4.428571 3.142857 2.285714 3.571429
[531] 3.142857 3.142857 4.428571 4.142857 3.571429 2.571429 3.285714      NaN 4.142857      NaN
[541] 4.000000      NaN      NaN 2.000000 4.428571      NaN 4.142857 3.857143      NaN      NaN
[551] 4.000000 4.285714 3.714286 4.428571      NaN 4.142857      NaN      NaN      NaN 3.857143
[561] 4.571429 4.714286 4.142857 4.285714 4.571429 4.428571 3.571429 4.285714 4.142857      NaN
[571] 4.571429 2.571429 4.428571 3.857143 3.714286      NaN

$nvar
[1] 7

$boot.ci
NULL

$boot
NULL

$Unidim
$Unidim$Unidim
[1] 0.777099


$var.r
[1] 0.01515883

$Fit
$Fit$Fit.off
[1] 0.9619597


$call
psych::alpha(x = .)

$title
NULL

attr(,"class")
[1] "psych" "alpha"

 self-efficacy T1 
$total
 raw_alpha std.alpha   G6(smc) average_r      S/N        ase     mean       sd median_r
  0.821516 0.8287975 0.8280287 0.4088355 4.841036 0.01142057 3.815421 0.903944 0.438865

$alpha.drop
       raw_alpha std.alpha   G6(smc) average_r      S/N   alpha se      var.r     med.r
SE_1_1 0.7886127 0.7979285 0.7926813 0.3969087 3.948743 0.01369611 0.01644065 0.4055021
SE_2_1 0.8025109 0.8112130 0.8010837 0.4173045 4.296974 0.01276562 0.01548145 0.4388650
SE_3_1 0.7849015 0.7950387 0.7836366 0.3926493 3.878971 0.01399001 0.01259731 0.4055021
SE_4_1 0.8008251 0.8103126 0.8069399 0.4158782 4.271831 0.01302591 0.01706774 0.4495365
SE_5_1 0.8242279 0.8235679 0.8177295 0.4375653 4.667904 0.01135267 0.01199371 0.4662958
SE_6_1 0.7677328 0.7774831 0.7685114 0.3680246 3.494040 0.01510612 0.01110060 0.3297795
SE_7_1 0.8134367 0.8211630 0.8134389 0.4335178 4.591684 0.01202898 0.01312084 0.4627043

$item.stats
         n     raw.r     std.r     r.cor    r.drop     mean       sd
SE_1_1 428 0.7351925 0.7387329 0.6857419 0.6173047 3.899533 1.286463
SE_2_1 428 0.6622750 0.6765052 0.6059597 0.5343911 4.168224 1.193158
SE_3_1 428 0.7505791 0.7517286 0.7178013 0.6427887 3.228972 1.240949
SE_4_1 428 0.6676005 0.6808569 0.6006260 0.5486380 3.995327 1.132851
SE_5_1 428 0.6545983 0.6146896 0.5138696 0.4609755 3.471963 1.657192
SE_6_1 428 0.8245278 0.8268587 0.8163402 0.7412631 3.803738 1.263349
SE_7_1 428 0.6144358 0.6270384 0.5334020 0.4650695 4.140187 1.265271

$response.freq
                1          2          3         4         5      miss
SE_1_1 0.07710280 0.10046729 0.11682243 0.2570093 0.4485981 0.2569444
SE_2_1 0.05607477 0.07476636 0.07943925 0.2242991 0.5654206 0.2569444
SE_3_1 0.12149533 0.19158879 0.14719626 0.4158879 0.1238318 0.2569444
SE_4_1 0.05373832 0.06308411 0.13084112 0.3387850 0.4135514 0.2569444
SE_5_1 0.25000000 0.05140187 0.11915888 0.1355140 0.4439252 0.2569444
SE_6_1 0.09579439 0.07710280 0.10747664 0.3668224 0.3528037 0.2569444
SE_7_1 0.07943925 0.04439252 0.12850467 0.1518692 0.5957944 0.2569444

$keys
SE_1_1 SE_2_1 SE_3_1 SE_4_1 SE_5_1 SE_6_1 SE_7_1 
     1      1      1      1      1      1      1 

$scores
  [1] 4.857143      NaN      NaN      NaN 4.285714 4.000000 5.000000 4.000000      NaN      NaN
 [11] 4.000000 2.285714 4.428571 1.428571      NaN 3.428571 5.000000 3.285714      NaN 4.000000
 [21] 4.714286 4.142857 2.714286 3.571429 4.714286 4.142857 4.857143      NaN 4.142857      NaN
 [31]      NaN 3.571429      NaN 4.142857 4.571429 3.571429 3.285714      NaN      NaN 4.857143
 [41]      NaN 1.000000      NaN 3.571429 4.428571 4.142857 4.000000      NaN 4.714286 4.428571
 [51] 4.428571 4.714286      NaN 4.142857 4.428571 3.571429 4.857143 3.142857 5.000000 3.000000
 [61] 4.285714 4.285714 4.714286 5.000000 4.857143 4.285714 4.285714      NaN      NaN      NaN
 [71] 4.857143 3.857143 4.285714 4.428571 4.714286 3.428571      NaN 4.428571 3.857143 4.714286
 [81] 4.857143      NaN      NaN 4.714286 4.714286 3.714286 3.857143 1.571429 4.714286 4.714286
 [91]      NaN      NaN 3.142857 2.857143      NaN      NaN      NaN      NaN 2.285714 3.000000
[101]      NaN      NaN 4.000000      NaN 2.857143 4.000000 2.285714 3.857143      NaN      NaN
[111]      NaN 4.428571      NaN 4.428571 3.142857 3.000000 2.857143 2.714286      NaN 3.571429
[121] 1.857143 5.000000      NaN 2.857143 3.285714 3.428571 2.714286      NaN 3.142857 2.571429
[131] 4.428571 3.428571 2.000000 3.857143 2.428571 2.000000 4.571429 4.857143      NaN 4.714286
[141]      NaN 3.571429      NaN 4.428571 4.571429      NaN      NaN      NaN 2.714286 3.000000
[151] 4.428571 4.857143 3.000000      NaN 2.714286      NaN 1.000000 3.857143 1.857143 1.428571
[161] 1.428571      NaN      NaN 2.285714 2.000000 4.857143 4.571429      NaN 3.000000 4.714286
[171] 3.000000      NaN      NaN      NaN      NaN      NaN      NaN 4.714286 1.714286      NaN
[181] 3.000000      NaN 4.142857 4.714286      NaN 2.571429 2.285714 3.571429 3.285714      NaN
[191] 4.714286 3.142857 3.857143 1.571429 4.428571 4.000000 1.142857 4.571429 4.142857 4.285714
[201] 3.714286 2.428571 3.142857 1.571429 4.428571 2.714286 3.000000      NaN 4.714286 3.142857
[211] 3.714286      NaN      NaN 4.142857      NaN 2.857143 4.714286 1.285714 4.285714 2.571429
[221] 2.428571 3.714286 3.428571 2.857143      NaN 3.571429 4.285714 3.571429 4.571429      NaN
[231] 3.571429 4.714286 3.857143 3.714286 3.857143 4.285714 4.428571      NaN 4.142857      NaN
[241] 4.571429      NaN      NaN      NaN      NaN      NaN 4.142857      NaN 4.714286 4.714286
[251] 2.857143 3.285714 3.142857 4.285714 4.714286      NaN 3.571429 3.857143 4.857143 4.714286
[261]      NaN 3.000000 2.428571 3.714286 4.142857 2.857143 3.000000      NaN 3.571429 4.428571
[271]      NaN 3.142857      NaN 4.714286 3.714286      NaN      NaN      NaN 4.000000      NaN
[281] 4.000000 3.714286 4.285714 2.000000 1.428571      NaN 4.857143 4.285714      NaN 3.142857
[291] 3.142857 3.857143 4.428571 2.000000 4.000000 3.428571 3.428571 2.714286      NaN 1.000000
[301]      NaN 4.571429      NaN 4.000000 3.857143 3.571429 3.000000      NaN 4.428571 4.285714
[311]      NaN 1.571429 2.714286 3.285714 1.000000 4.571429 2.000000 3.285714 4.142857 3.000000
[321] 2.857143      NaN      NaN 3.857143 4.571429 4.428571 3.571429 4.857143      NaN      NaN
[331] 4.000000 2.714286 4.000000 2.000000 4.285714 4.857143      NaN 4.571429 4.285714 4.571429
[341] 3.285714      NaN 4.571429      NaN 4.571429 4.285714 4.000000 3.571429 4.285714 4.571429
[351] 1.428571 3.857143 4.142857 4.428571 5.000000 3.714286 2.857143 3.000000 3.285714 3.000000
[361]      NaN 4.428571 4.428571      NaN 4.000000 2.428571 4.285714 2.142857 4.428571      NaN
[371] 4.428571 4.714286 2.571429 3.714286      NaN 4.428571 4.857143 4.571429 4.571429 2.714286
[381] 3.857143 4.142857 3.857143 4.857143 3.857143 4.142857 4.857143 4.571429      NaN 4.285714
[391] 4.000000 4.285714 4.571429 4.142857 4.428571      NaN      NaN      NaN 5.000000      NaN
[401] 3.714286 3.714286      NaN 4.714286      NaN 3.857143 4.142857 3.285714 3.285714 4.285714
[411]      NaN 4.428571      NaN 4.714286      NaN 4.428571      NaN 4.142857      NaN 2.714286
[421] 4.857143 3.428571 4.428571 4.428571 4.000000 3.857143 4.142857      NaN 5.000000 4.428571
[431] 4.571429 4.571429 3.571429 4.285714 4.428571      NaN 4.857143 3.142857 4.000000      NaN
[441] 4.000000 4.428571      NaN 4.714286 4.571429 3.857143 3.142857 4.285714 4.000000 4.285714
[451]      NaN 5.000000 4.571429 4.428571      NaN      NaN      NaN 4.142857 4.428571 4.714286
[461] 4.857143 4.571429      NaN 1.428571      NaN 4.000000      NaN 3.857143 4.571429 4.714286
[471] 4.571429 3.571429 4.857143 3.857143 1.428571 4.714286 4.142857 4.142857 3.857143 4.000000
[481] 4.142857 4.285714 4.571429 4.000000      NaN 4.428571 4.142857      NaN      NaN 4.571429
[491]      NaN 4.285714 4.428571      NaN 4.000000 4.714286 3.714286 4.714286 4.285714 4.285714
[501]      NaN 4.571429 3.714286      NaN      NaN 4.428571 4.285714 4.142857 4.571429 3.714286
[511] 4.714286 4.142857 4.571429 4.000000 2.714286 3.285714      NaN 3.285714      NaN 5.000000
[521] 4.714286 4.428571 4.285714 3.000000 1.857143      NaN 4.000000 3.142857 2.285714 3.285714
[531] 3.142857 3.000000 4.428571 4.142857 3.714286 3.142857 2.714286      NaN 3.714286      NaN
[541] 4.142857      NaN      NaN 2.142857 3.714286      NaN 4.428571 4.428571      NaN      NaN
[551] 4.000000 4.428571 4.000000 4.714286      NaN 4.142857      NaN      NaN      NaN 4.000000
[561] 4.857143 4.857143 4.142857 4.428571 4.714286 3.857143 4.142857 4.571429 4.428571      NaN
[571] 4.714286 2.142857 4.285714 4.000000 4.000000      NaN

$nvar
[1] 7

$boot.ci
NULL

$boot
NULL

$Unidim
$Unidim$Unidim
[1] 0.7932928


$var.r
[1] 0.01423618

$Fit
$Fit$Fit.off
[1] 0.9626529


$call
psych::alpha(x = .)

$title
NULL

attr(,"class")
[1] "psych" "alpha"
