
--------------------------------------------------------------------------------
EXPERIMENT 1
--------------------------------------------------------------------------------
Self-efficacy T0 
$total
 raw_alpha std.alpha   G6(smc) average_r     S/N        ase     mean        sd  median_r
 0.7577829 0.7568217 0.7585891 0.3077675 3.11221 0.01788655 4.033019 0.7644761 0.2826923

$alpha.drop
       raw_alpha std.alpha   G6(smc) average_r      S/N   alpha se      var.r     med.r
SE_1_0 0.7454835 0.7433293 0.7374504 0.3255428 2.896042 0.01891366 0.02253288 0.2826923
SE_2_0 0.7467604 0.7457417 0.7421275 0.3283338 2.933008 0.01891297 0.02352448 0.3298873
SE_3_0 0.7012323 0.7007676 0.7000716 0.2807380 2.341884 0.02248321 0.01874560 0.2723671
SE_4_0 0.7428240 0.7421865 0.7368417 0.3242309 2.878773 0.01936271 0.01639198 0.2826923
SE_5_0 0.7028222 0.7044097 0.6896123 0.2842710 2.383061 0.02244817 0.01212762 0.2826923
SE_6_0 0.6961636 0.6953956 0.6864327 0.2756201 2.282946 0.02284953 0.01477608 0.2826923
SE_7_0 0.7540502 0.7519346 0.7471699 0.3356361 3.031195 0.01829743 0.02143335 0.3293938

$item.stats
         n     raw.r     std.r     r.cor    r.drop     mean       sd
SE_1_0 424 0.5678870 0.5779670 0.4636052 0.3913976 4.089623 1.165495
SE_2_0 424 0.5485091 0.5685884 0.4454633 0.3811844 4.287736 1.090358
SE_3_0 424 0.7312698 0.7285248 0.6797793 0.5977455 3.554245 1.191729
SE_4_0 424 0.5958012 0.5823752 0.4774163 0.4102195 4.125000 1.255131
SE_5_0 424 0.7343486 0.7166529 0.6887036 0.5817658 3.667453 1.331658
SE_6_0 424 0.7478481 0.7457225 0.7200677 0.6256284 4.186321 1.152939
SE_7_0 424 0.5358557 0.5440503 0.4128719 0.3500022 4.320755 1.179391

$response.freq
                1          2          3         4         5 miss
SE_1_0 0.04245283 0.09905660 0.08490566 0.2735849 0.5000000    0
SE_2_0 0.04245283 0.06603774 0.03773585 0.2688679 0.5849057    0
SE_3_0 0.08018868 0.14622642 0.11084906 0.4646226 0.1981132    0
SE_4_0 0.06839623 0.08726415 0.05896226 0.2216981 0.5636792    0
SE_5_0 0.11320755 0.11320755 0.08726415 0.3655660 0.3207547    0
SE_6_0 0.05424528 0.06603774 0.06367925 0.2712264 0.5448113    0
SE_7_0 0.05424528 0.05424528 0.09669811 0.1061321 0.6886792    0

$keys
SE_1_0 SE_2_0 SE_3_0 SE_4_0 SE_5_0 SE_6_0 SE_7_0 
     1      1      1      1      1      1      1 

$scores
  [1] 3.714286 5.000000 5.000000 2.000000 3.857143 3.285714 4.857143 4.714286 1.000000 4.571429
 [11] 4.714286 5.000000 4.428571 5.000000 4.285714 4.285714 2.285714 5.000000 4.857143 4.714286
 [21] 4.000000 3.285714 4.714286 2.857143 4.285714 5.000000 4.285714 3.142857 5.000000 5.000000
 [31] 4.000000 2.428571 4.857143 4.000000 4.428571 3.428571 4.428571 4.000000 4.571429 4.714286
 [41] 3.857143 4.000000 4.428571 2.428571 4.428571 4.000000 4.428571 2.142857 4.428571 4.000000
 [51] 4.285714 1.571429 4.000000 2.000000 2.857143 4.285714 2.142857 3.571429 4.000000 3.571429
 [61] 4.428571 4.857143 4.571429 4.000000 4.571429 4.571429 3.142857 2.142857 5.000000 4.428571
 [71] 4.857143 4.428571 1.285714 3.571429 3.571429 3.857143 4.857143 4.285714 4.571429 3.571429
 [81] 3.571429 3.285714 5.000000 5.000000 3.142857 3.285714 4.142857 4.571429 5.000000 4.428571
 [91] 2.142857 3.428571 4.714286 1.285714 4.571429 5.000000 4.714286 3.000000 4.285714 4.428571
[101] 4.000000 2.571429 4.714286 4.571429 4.285714 3.857143 4.285714 4.571429 4.714286 4.571429
[111] 4.714286 2.714286 4.428571 4.000000 3.428571 4.428571 4.000000 4.714286 3.285714 4.000000
[121] 4.428571 4.142857 4.857143 3.857143 4.285714 3.285714 2.285714 3.714286 2.714286 4.000000
[131] 3.857143 4.571429 3.142857 3.428571 4.714286 5.000000 1.000000 4.000000 4.571429 4.714286
[141] 2.428571 4.285714 4.714286 3.714286 4.000000 2.142857 3.000000 5.000000 2.714286 4.571429
[151] 4.285714 3.714286 4.000000 3.714286 3.428571 4.714286 4.857143 4.857143 4.571429 4.571429
[161] 4.571429 5.000000 3.285714 3.285714 3.857143 3.000000 4.714286 4.428571 3.428571 4.857143
[171] 4.142857 4.142857 4.428571 4.714286 5.000000 4.857143 1.857143 4.857143 3.857143 4.000000
[181] 4.428571 4.714286 3.714286 4.857143 2.142857 4.714286 4.285714 4.000000 4.428571 5.000000
[191] 1.857143 4.285714 4.857143 3.142857 3.714286 4.285714 4.714286 4.142857 4.714286 4.714286
[201] 3.142857 4.285714 4.857143 4.714286 4.571429 4.714286 3.857143 3.000000 4.428571 4.142857
[211] 4.142857 4.000000 3.857143 4.142857 4.571429 4.000000 4.857143 3.714286 4.714286 4.714286
[221] 3.142857 3.857143 4.714286 4.000000 4.285714 4.285714 4.428571 3.285714 4.285714 3.571429
[231] 4.142857 3.714286 4.571429 4.142857 3.857143 4.285714 4.857143 2.571429 4.000000 4.857143
[241] 3.428571 4.142857 3.285714 3.714286 4.142857 4.142857 3.857143 4.142857 3.000000 3.571429
[251] 4.285714 4.714286 4.714286 3.428571 4.571429 3.857143 3.428571 4.714286 3.285714 3.857143
[261] 3.714286 3.000000 4.000000 4.428571 4.428571 3.000000 4.714286 4.571429 4.285714 3.714286
[271] 5.000000 4.428571 4.285714 4.428571 4.857143 2.571429 4.714286 4.714286 3.571429 4.571429
[281] 4.142857 3.714286 4.428571 4.000000 4.285714 4.428571 4.428571 3.285714 4.142857 3.857143
[291] 4.428571 3.285714 3.714286 4.857143 3.857143 3.714286 4.571429 2.714286 3.857143 3.571429
[301] 5.000000 2.714286 3.857143 3.857143 4.000000 4.714286 3.428571 2.285714 3.714286 4.142857
[311] 2.142857 4.000000 3.857143 4.285714 4.000000 4.714286 2.285714 4.571429 4.571429 4.285714
[321] 4.714286 4.285714 4.000000 4.142857 3.714286 4.714286 3.857143 4.428571 4.428571 3.000000
[331] 4.285714 3.857143 4.000000 4.142857 4.000000 4.571429 4.714286 4.571429 3.428571 4.000000
[341] 4.285714 4.571429 4.571429 3.857143 4.714286 4.714286 4.428571 4.714286 4.571429 3.714286
[351] 3.714286 3.714286 3.571429 4.000000 3.571429 4.857143 5.000000 4.571429 3.714286 4.142857
[361] 4.142857 4.857143 3.857143 4.428571 4.000000 4.571429 4.142857 4.714286 3.571429 3.857143
[371] 3.428571 4.285714 3.857143 4.142857 3.571429 3.428571 4.142857 4.428571 1.857143 3.714286
[381] 3.714286 4.285714 4.714286 5.000000 4.857143 3.571429 4.714286 4.285714 4.142857 4.142857
[391] 4.285714 4.428571 3.285714 4.285714 4.857143 4.714286 4.571429 4.571429 4.000000 3.142857
[401] 3.142857 4.571429 4.428571 4.857143 3.285714 4.428571 4.571429 4.285714 4.714286 3.000000
[411] 3.571429 4.285714 4.428571 2.285714 2.857143 4.714286 4.571429 4.142857 4.428571 5.000000
[421] 4.285714 4.428571 3.000000 4.285714

$nvar
[1] 7

$boot.ci
NULL

$boot
NULL

$Unidim
$Unidim$Unidim
[1] 0.650051


$var.r
[1] 0.01874989

$Fit
$Fit$Fit.off
[1] 0.9640734


$call
psych::alpha(x = .)

$title
NULL

attr(,"class")
[1] "psych" "alpha"

 Intention T0 
$total
 raw_alpha std.alpha   G6(smc) average_r      S/N        ase    mean        sd  median_r
 0.8378705 0.8368673 0.8412433 0.4229173 5.129978 0.01167363 4.09006 0.8752062 0.4102031

$alpha.drop
        raw_alpha std.alpha   G6(smc) average_r      S/N   alpha se      var.r     med.r
INT_1_0 0.8092669 0.8047697 0.8039901 0.4072408 4.122154 0.01374283 0.02650594 0.4006007
INT_2_0 0.8205907 0.8158775 0.8126621 0.4248006 4.431165 0.01298932 0.02729188 0.4110179
INT_3_0 0.7920139 0.7946373 0.7925217 0.3920623 3.869433 0.01542109 0.01830069 0.4006007
INT_4_0 0.8351960 0.8352574 0.8374339 0.4579983 5.070076 0.01211260 0.02169195 0.4301452
INT_5_0 0.8004936 0.8018885 0.8014455 0.4028462 4.047662 0.01481607 0.01953426 0.4102031
INT_6_0 0.7979048 0.7998932 0.7979780 0.3998399 3.997332 0.01488284 0.01883747 0.4102031
INT_7_0 0.8458951 0.8447777 0.8416650 0.4756332 5.442372 0.01117990 0.01638462 0.4686958

$item.stats
          n     raw.r     std.r     r.cor    r.drop     mean        sd
INT_1_0 423 0.7397213 0.7581397 0.7125512 0.6379874 4.328605 1.1199652
INT_2_0 420 0.6712899 0.7052083 0.6420930 0.5679522 4.473810 0.9924679
INT_3_0 420 0.8217723 0.8038929 0.7867502 0.7262014 3.759524 1.3685104
INT_4_0 423 0.6124193 0.6051388 0.4947248 0.4619202 4.165485 1.2338205
INT_5_0 423 0.7964011 0.7713867 0.7407058 0.6808916 3.539007 1.4334415
INT_6_0 423 0.7964687 0.7804487 0.7557131 0.6972540 3.983452 1.2776646
INT_7_0 423 0.5264772 0.5519811 0.4315949 0.3735701 4.380615 1.1330045

$response.freq
                 1          2          3         4         5        miss
INT_1_0 0.04491726 0.06855792 0.04018913 0.2056738 0.6406619 0.002358491
INT_2_0 0.03571429 0.03809524 0.03809524 0.1928571 0.6952381 0.009433962
INT_3_0 0.10952381 0.11666667 0.07619048 0.3000000 0.3976190 0.009433962
INT_4_0 0.06855792 0.07565012 0.05200946 0.2293144 0.5744681 0.002358491
INT_5_0 0.15130024 0.12293144 0.08510638 0.3167849 0.3238771 0.002358491
INT_6_0 0.08510638 0.08274232 0.06382979 0.3002364 0.4680851 0.002358491
INT_7_0 0.05437352 0.04491726 0.06146572 0.1442080 0.6950355 0.002358491

$keys
INT_1_0 INT_2_0 INT_3_0 INT_4_0 INT_5_0 INT_6_0 INT_7_0 
      1       1       1       1       1       1       1 

$scores
  [1] 4.142857 5.000000 5.000000 2.285714 3.857143 2.857143 5.000000 4.714286 1.000000 4.428571
 [11] 5.000000 5.000000 4.428571 5.000000 4.428571 4.714286 2.571429 5.000000 5.000000 4.142857
 [21] 3.857143 2.571429 4.714286 3.428571 4.285714 5.000000 4.142857 3.142857 5.000000 5.000000
 [31] 4.571429 2.571429 4.857143 4.000000 4.571429 3.285714 4.000000 4.285714 4.714286 4.857143
 [41] 3.714286 3.857143 4.428571 2.285714 4.428571 4.285714 5.000000 1.857143 3.857143 4.142857
 [51] 4.285714 1.571429 3.857143 2.000000 3.142857 5.000000 1.428571 2.857143 4.571429 2.714286
 [61] 4.857143 4.428571 4.714286 3.857143 4.857143 5.000000 3.857143 2.000000 5.000000 4.857143
 [71] 5.000000 4.714286 1.000000 3.000000 3.857143 4.000000 5.000000 4.428571 4.857143 4.000000
 [81] 3.428571 3.142857 4.428571 5.000000 3.000000 2.714286 4.285714 4.142857 5.000000 4.285714
 [91] 1.714286 3.857143 5.000000 1.000000 4.714286 5.000000 4.857143 3.285714 4.571429 5.000000
[101] 3.428571 2.571429 4.571429 4.571429 4.714286 3.285714 4.142857 4.166667 4.857143 4.714286
[111] 4.857143 1.571429 4.428571 3.714286 3.857143 4.428571 4.000000 4.571429 4.428571 4.428571
[121] 4.714286 4.142857 5.000000 3.571429 4.714286 4.000000 1.571429 3.571429 2.857143 4.000000
[131] 4.285714 4.857143 3.571429 3.428571 4.714286 5.000000 1.714286 4.000000 4.571429 4.714286
[141] 2.714286 4.571429 4.857143 4.142857 4.857143 1.857143 3.714286 5.000000 2.142857 4.428571
[151] 4.428571 3.714286 3.714286 3.571429 3.428571 5.000000 4.857143 4.285714 4.428571 4.714286
[161] 4.571429 5.000000 2.857143 2.714286 4.285714 3.428571 4.857143 4.428571 3.428571 5.000000
[171] 4.285714 3.857143 4.857143 4.857143 5.000000 4.714286 2.000000 5.000000 4.000000 4.857143
[181] 4.714286 4.571429 3.571429 5.000000 2.428571 4.857143 4.000000 2.714286 4.714286 5.000000
[191] 2.714286 4.571429 5.000000 3.428571 3.571429 4.142857 4.142857 4.571429 5.000000 4.857143
[201] 4.000000 4.857143 4.857143 4.857143 4.714286 4.285714 3.857143 3.571429      NaN 3.857143
[211] 5.000000 4.285714 3.285714 4.000000 4.714286 4.285714 5.000000 3.857143 4.857143 4.428571
[221] 3.285714 4.000000 4.714286 2.571429 4.333333 4.285714 4.714286 3.142857 4.571429 4.714286
[231] 4.285714 3.285714 4.857143 4.571429 4.142857 4.285714 4.714286 1.000000 4.285714 4.428571
[241] 4.142857 4.000000 3.714286 3.714286 4.571429 3.428571 3.714286 3.857143 2.714286 4.000000
[251] 4.714286 5.000000 4.285714 3.714286 4.857143 4.428571 3.428571 5.000000 3.142857 4.000000
[261] 3.285714 2.714286 3.714286 4.857143 4.857143 2.714286 4.142857 4.857143 4.285714 3.714286
[271] 5.000000 4.571429 4.714286 4.285714 5.000000 2.714286 5.000000 4.714286 3.857143 3.571429
[281] 4.428571 4.000000 4.857143 4.285714 4.857143 4.714286 4.857143 3.714286 3.857143 4.000000
[291] 4.571429 3.428571 3.857143 5.000000 3.714286 4.571429 4.714286 2.714286 4.142857 3.714286
[301] 5.000000 1.857143 3.142857 4.142857 4.285714 4.714286 3.285714 3.142857 4.142857 4.428571
[311] 1.571429 4.714286 4.571429 4.000000 3.428571 4.714286 1.714286 4.857143 5.000000 4.571429
[321] 4.571429 3.714286 5.000000 4.571429 4.571429 4.285714 3.714286 4.428571 4.285714 2.714286
[331] 4.285714 4.428571 4.428571 3.833333 5.000000 4.000000 4.571429 4.428571 4.000000 4.000000
[341] 4.666667 4.714286 4.000000 4.285714 4.571429 4.857143 4.142857 4.714286 4.428571 3.857143
[351] 4.000000 3.571429 3.571429 4.000000 3.571429 5.000000 5.000000 4.714286 3.857143 3.857143
[361] 4.571429 4.714286 4.285714 4.285714 3.428571 5.000000 4.285714 5.000000 4.000000 3.714286
[371] 3.714286 4.142857 5.000000 5.000000 2.428571 3.428571 4.428571 5.000000 1.714286 4.857143
[381] 3.000000 4.000000 4.000000 5.000000 5.000000 3.857143 4.714286 4.000000 3.714286 4.571429
[391] 4.428571 4.333333 4.142857 4.428571 4.857143 4.571429 4.428571 4.714286 4.142857 3.285714
[401] 3.142857 4.428571 4.571429 4.857143 2.857143 5.000000 4.142857 4.428571 5.000000 2.000000
[411] 3.285714 4.428571 5.000000 1.571429 3.333333 5.000000 5.000000 4.000000 5.000000 5.000000
[421] 4.714286 4.428571 2.714286 5.000000

$nvar
[1] 7

$boot.ci
NULL

$boot
NULL

$Unidim
$Unidim$Unidim
[1] 0.7919545


$var.r
[1] 0.02171851

$Fit
$Fit$Fit.off
[1] 0.9415217


$call
psych::alpha(x = .)

$title
NULL

attr(,"class")
[1] "psych" "alpha"

 perceived risk (self) T0 
          
 0.7598071

 perceived vulnerability (others) T0 
$total
 raw_alpha std.alpha   G6(smc) average_r      S/N       ase     mean        sd  median_r
 0.7851703 0.7850096 0.7668863 0.4220569 3.651371 0.0156846 3.485849 0.6913089 0.4464523

$alpha.drop
                raw_alpha std.alpha   G6(smc) average_r      S/N   alpha se       var.r     med.r
kwets_groepen_1 0.7397354 0.7366487 0.7119412 0.4115232 2.797209 0.01939170 0.023553010 0.4402259
kwets_groepen_2 0.7254689 0.7325675 0.6829049 0.4064631 2.739261 0.02072310 0.008281400 0.4263499
kwets_groepen_3 0.7333565 0.7372570 0.7011098 0.4122833 2.806000 0.01998707 0.016943686 0.4405383
kwets_groepen_4 0.7955936 0.8003417 0.7576781 0.5005342 4.008557 0.01612675 0.003446579 0.4916049
kwets_groepen_5 0.7176453 0.7098265 0.6746729 0.3794807 2.446214 0.02086458 0.020206968 0.3841102

$item.stats
                  n     raw.r     std.r     r.cor    r.drop     mean       sd
kwets_groepen_1 424 0.7702266 0.7504823 0.6547844 0.5836647 3.540094 1.077733
kwets_groepen_2 424 0.7851256 0.7587634 0.6977132 0.6181833 2.853774 1.030199
kwets_groepen_3 424 0.7713560 0.7492383 0.6673307 0.5968747 3.113208 1.029777
kwets_groepen_4 424 0.5405707 0.6048099 0.4443020 0.3781032 4.636792 0.680818
kwets_groepen_5 424 0.7853458 0.8029219 0.7464497 0.6600750 3.285377 0.834353

$response.freq
                          1           2          3         4          5 miss
kwets_groepen_1 0.063679245 0.106132075 0.21462264 0.4575472 0.15801887    0
kwets_groepen_2 0.113207547 0.250000000 0.33018868 0.2830189 0.02358491    0
kwets_groepen_3 0.096698113 0.115566038 0.43867925 0.2759434 0.07311321    0
kwets_groepen_4 0.004716981 0.009433962 0.05896226 0.1981132 0.72877358    0
kwets_groepen_5 0.042452830 0.087264151 0.44339623 0.3962264 0.03066038    0

$keys
kwets_groepen_1 kwets_groepen_2 kwets_groepen_3 kwets_groepen_4 kwets_groepen_5 
              1               1               1               1               1 

$scores
  [1] 4.0 4.0 4.2 3.6 4.2 3.0 3.8 3.2 1.6 4.6 1.4 4.0 3.8 4.2 4.2 3.6 2.8 4.6 3.0 3.8 3.8 3.0 3.4
 [24] 3.0 4.2 4.4 2.8 2.4 5.0 3.4 4.4 1.6 4.2 2.4 3.8 3.0 3.6 4.0 3.4 3.2 3.2 3.2 4.0 1.6 4.2 3.6
 [47] 4.2 3.0 3.6 4.0 3.0 3.2 3.0 3.2 3.2 4.0 1.8 2.0 4.0 2.6 4.0 3.6 3.8 3.4 3.2 4.2 3.6 3.0 3.2
 [70] 4.0 4.4 4.4 1.6 3.8 3.6 4.0 4.2 4.2 2.8 4.2 3.2 1.8 4.0 3.6 3.2 3.4 3.4 3.6 4.0 3.6 1.6 2.8
 [93] 3.2 1.4 4.0 3.4 3.6 3.8 4.2 4.0 3.6 2.8 3.4 3.8 4.4 3.4 3.2 2.8 3.4 4.2 4.0 3.4 4.4 3.6 3.4
[116] 3.4 3.6 3.8 3.4 4.0 3.4 3.4 4.0 3.4 3.8 4.2 1.2 3.8 1.6 4.2 3.0 5.0 3.8 3.4 2.8 3.4 2.2 3.4
[139] 3.6 3.0 2.8 3.4 4.2 3.6 4.2 3.4 2.6 2.8 2.8 2.2 3.4 3.2 4.2 3.2 3.6 4.0 4.6 4.4 4.0 3.2 4.2
[162] 3.0 3.2 3.2 4.6 3.6 4.2 3.2 4.0 4.4 3.0 4.2 4.0 4.6 4.2 4.0 2.6 4.2 2.8 3.8 4.0 4.2 3.2 3.2
[185] 3.2 4.0 4.0 3.0 4.2 4.4 3.0 3.4 3.2 2.4 4.4 3.2 4.4 3.8 3.4 3.8 2.4 4.0 3.0 3.8 4.6 3.6 3.8
[208] 2.6 3.0 3.4 4.0 4.0 4.4 3.8 4.2 3.4 3.6 3.0 3.8 2.8 3.6 4.0 3.8 2.6 1.8 4.0 3.8 3.4 4.0 4.8
[231] 4.6 3.2 4.4 4.0 3.8 4.0 3.8 3.4 3.4 3.2 3.2 3.6 4.2 2.6 4.4 2.4 3.2 2.6 2.2 4.2 3.8 2.8 3.4
[254] 3.6 3.6 4.2 2.8 3.6 2.8 3.6 2.4 1.6 3.0 3.6 4.2 2.6 2.4 3.6 4.0 3.4 4.2 4.0 3.2 2.0 4.0 3.6
[277] 4.4 3.2 3.4 2.4 3.8 3.8 3.4 4.2 3.2 2.8 4.2 2.6 2.8 3.6 3.2 3.8 3.2 3.0 3.2 3.8 4.6 2.6 3.2
[300] 4.2 4.2 3.6 2.2 3.0 4.4 2.6 3.8 3.6 2.8 3.8 1.2 4.0 4.0 3.8 3.0 4.4 1.6 2.8 3.8 3.4 3.6 3.4
[323] 4.2 3.6 3.6 3.6 3.4 3.2 3.2 3.4 3.8 2.6 3.6 3.6 3.8 4.4 3.8 2.8 3.6 3.6 2.8 3.0 4.4 4.0 2.4
[346] 3.0 3.6 3.2 4.0 3.6 3.2 4.0 3.8 4.0 2.8 3.4 3.4 4.2 3.6 2.8 4.0 4.6 3.4 4.6 3.4 4.2 3.6 4.2
[369] 3.4 4.2 4.2 3.0 4.2 3.4 3.6 4.0 2.8 4.2 3.0 4.0 3.6 3.4 3.8 4.2 3.8 4.0 3.6 4.2 2.2 2.8 3.0
[392] 3.4 3.2 2.8 4.2 4.0 3.6 3.6 3.2 4.4 3.0 3.6 3.4 3.0 1.8 4.6 3.4 3.8 3.4 2.0 3.2 3.8 3.6 2.0
[415] 3.4 2.0 5.0 3.2 3.4 3.8 3.6 3.2 3.0 3.8

$nvar
[1] 5

$boot.ci
NULL

$boot
NULL

$Unidim
$Unidim$Unidim
[1] 0.7798975


$var.r
[1] 0.01528462

$Fit
$Fit$Fit.off
[1] 0.9604452


$call
psych::alpha(x = .)

$title
NULL

attr(,"class")
[1] "psych" "alpha"

 response efficacy T0 
          
 0.8153686

 behaviour index T1 
$total
 raw_alpha std.alpha   G6(smc) average_r      S/N        ase     mean       sd  median_r
 0.8316252 0.8537103 0.8606726 0.3933572 5.835749 0.01236485 3.945592 0.765726 0.3735532

$alpha.drop
           raw_alpha std.alpha   G6(smc) average_r      S/N   alpha se      var.r     med.r
Gedrag_2_1 0.8184254 0.8431269 0.8463186 0.4018503 5.374579 0.01346845 0.02398350 0.3566631
Gedrag_2_2 0.8186647 0.8442534 0.8457660 0.4039053 5.420687 0.01342662 0.02465028 0.3839719
Gedrag_2_3 0.8066683 0.8286942 0.8369817 0.3768263 4.837513 0.01433452 0.02160289 0.3524170
Gedrag_2_4 0.8123663 0.8400422 0.8471033 0.3963016 5.251649 0.01396191 0.02418152 0.3735532
Gedrag_2_5 0.7929046 0.8228259 0.8255747 0.3672972 4.644167 0.01541702 0.01696623 0.3524170
Gedrag_2_6 0.7986514 0.8251822 0.8280819 0.3710812 4.720243 0.01487914 0.01718968 0.3645539
Gedrag_2_7 0.8346266 0.8550925 0.8590342 0.4244999 5.900953 0.01214347 0.02054336 0.3915098
Gedrag_2_8 0.8511774 0.8580071 0.8620708 0.4303052 6.042607 0.01091530 0.01835972 0.4015304
Gedrag_2_9 0.7951796 0.8233588 0.8282562 0.3681481 4.661195 0.01518670 0.01754111 0.3524170

$item.stats
             n     raw.r     std.r     r.cor    r.drop     mean        sd
Gedrag_2_1 339 0.6066537 0.6398681 0.5773708 0.5113277 3.973451 0.9210893
Gedrag_2_2 339 0.6047588 0.6304495 0.5670178 0.5049120 4.303835 0.9572288
Gedrag_2_3 339 0.7289860 0.7545605 0.7214878 0.6616252 3.973451 0.8613342
Gedrag_2_4 339 0.6634758 0.6652998 0.6022319 0.5585137 4.168142 1.1005861
Gedrag_2_5 339 0.7986497 0.7982352 0.7947070 0.7219658 3.619469 1.1765856
Gedrag_2_6 339 0.7664416 0.7808921 0.7719008 0.6883852 3.890855 1.0809836
Gedrag_2_7 339 0.5451024 0.5360588 0.4404446 0.3847385 4.138643 1.3483321
Gedrag_2_8 339 0.5791745 0.5094512 0.4062066 0.3714595 3.303835 1.7437165
Gedrag_2_9 339 0.7876285 0.7943353 0.7862408 0.7121390 4.138643 1.1206557

$response.freq
                    1          2          3         4         5      miss
Gedrag_2_1 0.01769912 0.05309735 0.17109145 0.4542773 0.3038348 0.2004717
Gedrag_2_2 0.03834808 0.01179941 0.08554572 0.3362832 0.5280236 0.2004717
Gedrag_2_3 0.02064897 0.04424779 0.12684366 0.5575221 0.2507375 0.2004717
Gedrag_2_4 0.05309735 0.03834808 0.10029499 0.3038348 0.5044248 0.2004717
Gedrag_2_5 0.09734513 0.06489676 0.17404130 0.4483776 0.2153392 0.2004717
Gedrag_2_6 0.05309735 0.05899705 0.14749263 0.4247788 0.3156342 0.2004717
Gedrag_2_7 0.10619469 0.04424779 0.07669617 0.1504425 0.6224189 0.2004717
Gedrag_2_8 0.31563422 0.05014749 0.06194690 0.1592920 0.4129794 0.2004717
Gedrag_2_9 0.06784661 0.02949853 0.07079646 0.3598820 0.4719764 0.2004717

$keys
Gedrag_2_1 Gedrag_2_2 Gedrag_2_3 Gedrag_2_4 Gedrag_2_5 Gedrag_2_6 Gedrag_2_7 Gedrag_2_8 Gedrag_2_9 
         1          1          1          1          1          1          1          1          1 

$scores
  [1] 4.333333 4.555556 4.444444      NaN 4.000000 3.555556 4.333333 4.222222 1.111111 4.222222
 [11]      NaN 4.888889 4.222222 4.888889 4.111111 3.777778 2.222222 5.000000      NaN 4.555556
 [21] 4.222222 2.333333 3.666667 3.555556 3.777778      NaN 4.222222 2.888889 4.777778      NaN
 [31]      NaN      NaN 4.333333 4.111111 4.333333 3.666667      NaN      NaN 4.666667 4.666667
 [41] 4.000000 3.888889 4.000000 3.111111 3.777778      NaN      NaN 2.000000 4.111111      NaN
 [51]      NaN      NaN 2.555556 1.555556 2.111111 4.444444 1.333333 3.888889 3.222222      NaN
 [61]      NaN 4.444444 4.666667 3.222222 4.444444 4.888889 3.555556 1.000000 4.666667 3.777778
 [71] 5.000000 3.666667      NaN      NaN 3.222222 3.888889      NaN 4.222222 4.888889 4.444444
 [81]      NaN 2.222222 4.777778      NaN      NaN      NaN 4.111111 4.000000 4.555556 3.222222
 [91] 1.444444 3.333333 4.555556 2.111111 4.666667 4.888889 4.222222 2.888889 4.666667 4.666667
[101] 3.555556 1.555556 4.888889 4.555556 3.666667      NaN      NaN      NaN      NaN 4.111111
[111]      NaN      NaN 4.666667 3.777778 3.444444 4.111111      NaN 4.333333      NaN      NaN
[121] 4.222222 4.222222 4.222222      NaN 4.333333 3.666667 1.555556      NaN 2.666667 2.888889
[131] 4.000000      NaN 3.777778 3.888889 4.666667 4.444444      NaN 3.444444 4.000000 4.666667
[141] 3.444444 4.000000 4.777778 4.222222 3.888889 2.555556 3.111111      NaN      NaN 3.888889
[151] 4.555556 3.888889 4.111111 4.222222      NaN 4.111111 3.555556 4.888889 4.222222 4.000000
[161] 4.111111 4.777778 2.888889 3.333333      NaN      NaN 4.666667 4.111111      NaN 5.000000
[171] 3.666667 4.111111 4.777778 4.444444 5.000000 5.000000      NaN 4.444444 3.777778 4.222222
[181]      NaN 4.555556 3.666667 4.666667      NaN 4.666667 4.000000 3.555556 4.333333      NaN
[191] 2.222222 3.666667      NaN 2.444444 3.888889 4.111111      NaN 4.444444 4.666667 4.777778
[201]      NaN      NaN 4.555556 4.888889 4.111111 3.888889 4.000000 2.666667 4.111111 3.444444
[211] 4.666667 4.111111 3.777778 3.888889 4.666667 3.666667 4.555556 2.666667 4.333333 4.222222
[221] 2.444444 4.666667 3.888889 3.111111 3.888889 4.333333 4.666667 3.333333      NaN      NaN
[231] 3.666667 3.444444 4.333333 4.444444 4.111111 4.111111 4.111111 2.666667 4.222222 4.000000
[241] 3.777778 4.555556 3.555556 4.000000 4.111111      NaN 3.666667      NaN 2.888889 3.888889
[251]      NaN 4.111111 4.888889      NaN 4.555556      NaN 3.444444 4.333333      NaN 3.333333
[261]      NaN 2.333333 4.222222 4.777778 3.888889 2.777778 4.000000 4.888889 4.222222 4.222222
[271] 5.000000 4.666667 4.444444 3.444444      NaN 1.888889      NaN 4.000000 3.888889 3.111111
[281] 4.000000 3.888889 4.555556 4.555556 4.333333 4.222222 4.444444 3.777778 3.555556 3.777778
[291] 4.444444      NaN 3.555556 4.222222 3.444444      NaN 5.000000 2.000000 4.000000 3.777778
[301] 4.555556 2.666667      NaN 4.666667 3.555556 4.222222      NaN 2.444444 3.333333 4.222222
[311]      NaN 4.666667 4.555556 4.666667 3.222222 4.555556      NaN 4.555556      NaN      NaN
[321] 4.333333 4.000000      NaN 4.222222 4.000000 4.444444 4.111111 4.666667      NaN      NaN
[331] 4.222222 3.888889 3.555556 4.222222 4.777778 4.222222 4.666667 3.777778 3.888889      NaN
[341]      NaN      NaN 4.222222      NaN 4.666667 4.555556 3.555556      NaN 4.777778 4.111111
[351] 3.777778 3.555556 3.666667 4.000000 2.666667 4.222222      NaN 4.444444 3.000000 3.333333
[361] 4.222222 3.777778      NaN 4.333333 3.777778 4.666667 3.888889 4.777778 4.222222 3.555556
[371] 3.777778 4.111111      NaN 3.222222      NaN 4.000000 4.000000 3.888889 2.888889 4.333333
[381] 4.555556 3.888889 4.666667 4.666667 4.777778 4.222222 4.777778 4.000000 4.333333 3.888889
[391] 4.333333 3.888889 4.000000 4.444444      NaN 4.333333 3.888889 4.888889 4.111111 3.555556
[401] 4.333333 4.555556      NaN 4.888889 3.777778      NaN 4.555556 4.000000 4.777778 2.000000
[411] 3.111111 3.666667 4.666667 1.333333 3.666667 4.333333 4.888889 3.888889 4.333333      NaN
[421] 4.222222 4.444444 2.666667 4.444444

$nvar
[1] 9

$boot.ci
NULL

$boot
NULL

$Unidim
$Unidim$Unidim
[1] 0.7789228


$var.r
[1] 0.02091676

$Fit
$Fit$Fit.off
[1] 0.9476357


$call
psych::alpha(x = .)

$title
NULL

attr(,"class")
[1] "psych" "alpha"

 Self-efficacy T1 
$total
 raw_alpha std.alpha   G6(smc) average_r      S/N        ase     mean        sd  median_r
 0.8121921 0.8121341 0.8171829 0.3817863 4.322946 0.01384019 4.013906 0.8154775 0.3455054

$alpha.drop
       raw_alpha std.alpha   G6(smc) average_r      S/N   alpha se      var.r     med.r
SE_1_1 0.7949150 0.7934444 0.7939449 0.3903252 3.841313 0.01518081 0.02279942 0.3062348
SE_2_1 0.7971837 0.7959809 0.7928666 0.3940313 3.901501 0.01510247 0.02203916 0.3457864
SE_3_1 0.7739992 0.7755573 0.7790834 0.3654473 3.455480 0.01697330 0.01841131 0.3393667
SE_4_1 0.7993517 0.8001069 0.8009402 0.4001604 4.002674 0.01507663 0.01682021 0.3455054
SE_5_1 0.7645475 0.7676300 0.7611193 0.3550801 3.303481 0.01788176 0.01358262 0.3455054
SE_6_1 0.7684149 0.7710988 0.7669045 0.3595695 3.368697 0.01741490 0.01488870 0.3393667
SE_7_1 0.8084474 0.8051921 0.8010974 0.4078906 4.133263 0.01401953 0.01820905 0.3457864

$item.stats
         n     raw.r     std.r     r.cor    r.drop     mean        sd
SE_1_1 339 0.6410292 0.6589534 0.5738399 0.5044467 4.182891 1.0995706
SE_2_1 339 0.6178786 0.6473708 0.5627126 0.4934876 4.368732 0.9804427
SE_3_1 339 0.7429182 0.7367053 0.6854995 0.6258550 3.613569 1.1746554
SE_4_1 339 0.6388545 0.6282151 0.5352631 0.4824272 4.097345 1.2281072
SE_5_1 339 0.7907987 0.7691062 0.7485859 0.6673169 3.604720 1.3835813
SE_6_1 339 0.7663833 0.7550756 0.7264454 0.6551915 3.929204 1.1945400
SE_7_1 339 0.5965351 0.6040556 0.5062971 0.4296875 4.300885 1.2251189

$response.freq
                1          2          3         4         5      miss
SE_1_1 0.02949853 0.07964602 0.11209440 0.2359882 0.5427729 0.2004717
SE_2_1 0.02949853 0.04424779 0.05309735 0.2743363 0.5988201 0.2004717
SE_3_1 0.07374631 0.13569322 0.10619469 0.4719764 0.2123894 0.2004717
SE_4_1 0.07374631 0.05014749 0.11504425 0.2271386 0.5339233 0.2004717
SE_5_1 0.14159292 0.09144543 0.10619469 0.3421829 0.3185841 0.2004717
SE_6_1 0.07079646 0.07079646 0.11209440 0.3510324 0.3952802 0.2004717
SE_7_1 0.07374631 0.03834808 0.08554572 0.1179941 0.6843658 0.2004717

$keys
SE_1_1 SE_2_1 SE_3_1 SE_4_1 SE_5_1 SE_6_1 SE_7_1 
     1      1      1      1      1      1      1 

$scores
  [1] 4.285714 4.714286 4.857143      NaN 3.857143 3.714286 4.571429 4.428571 1.285714 3.857143
 [11]      NaN 4.714286 4.142857 5.000000 3.857143 3.857143 1.714286 5.000000      NaN 4.571429
 [21] 4.285714 2.428571 4.571429 3.000000 4.000000      NaN 4.285714 3.142857 5.000000      NaN
 [31]      NaN      NaN 4.714286 4.285714 4.428571 3.571429      NaN      NaN 4.714286 4.857143
 [41] 3.285714 3.571429 3.857143 2.428571 4.000000      NaN      NaN 1.857143 3.857143      NaN
 [51]      NaN      NaN 3.285714 2.142857 1.857143 4.285714 1.000000 3.285714 3.428571      NaN
 [61]      NaN 4.142857 4.571429 3.428571 4.857143 4.714286 2.571429 1.000000 5.000000 4.142857
 [71] 4.857143 4.285714      NaN      NaN 3.142857 3.714286      NaN 4.285714 4.857143 4.142857
 [81]      NaN 2.571429 5.000000      NaN      NaN      NaN 4.142857 4.428571 5.000000 3.857143
 [91] 1.428571 3.428571 4.142857 2.000000 5.000000 5.000000 4.714286 2.714286 4.428571 4.714286
[101] 3.857143 1.857143 4.857143 4.857143 4.142857      NaN      NaN      NaN      NaN 4.428571
[111]      NaN      NaN 4.428571 3.857143 3.714286 3.857143      NaN 4.428571      NaN      NaN
[121] 4.714286 4.571429 4.857143      NaN 4.714286 2.857143 1.571429      NaN 2.714286 3.428571
[131] 4.571429      NaN 2.571429 3.571429 5.000000 4.714286      NaN 3.857143 4.857143 4.714286
[141] 3.285714 3.428571 4.857143 4.142857 4.857143 3.142857 2.857143      NaN      NaN 4.428571
[151] 4.571429 3.857143 4.571429 3.714286      NaN 4.285714 4.428571 4.857143 4.571429 4.285714
[161] 4.285714 4.714286 3.285714 3.714286      NaN      NaN 4.857143 4.428571      NaN 4.857143
[171] 4.000000 4.285714 4.714286 4.428571 5.000000 4.857143      NaN 5.000000 3.714286 4.428571
[181]      NaN 4.714286 3.000000 5.000000      NaN 4.714286 4.285714 2.857143 4.428571      NaN
[191] 2.571429 4.000000      NaN 3.285714 3.571429 4.285714      NaN 4.428571 4.571429 5.000000
[201]      NaN      NaN 4.285714 4.571429 5.000000 4.285714 4.714286 3.428571 4.142857 3.857143
[211] 4.571429 4.285714 4.285714 4.142857 5.000000 3.571429 4.857143 1.857143 4.857143 4.142857
[221] 2.428571 4.571429 4.142857 3.857143 4.714286 4.571429 4.428571 3.285714      NaN      NaN
[231] 4.142857 4.142857 4.571429 4.571429 4.000000 3.857143 4.571429 2.142857 4.142857 4.428571
[241] 3.857143 4.142857 4.285714 4.000000 4.428571      NaN 3.714286      NaN 2.857143 3.142857
[251]      NaN 4.428571 4.571429      NaN 4.428571      NaN 3.285714 4.714286      NaN 3.285714
[261]      NaN 1.857143 3.857143 4.428571 4.142857 2.857143 4.142857 4.428571 4.142857 4.000000
[271] 5.000000 4.571429 4.142857 3.857143      NaN 2.142857      NaN 4.857143 3.714286 3.285714
[281] 4.571429 4.142857 4.142857 4.571429 4.000000 4.428571 4.571429 3.428571 3.857143 4.000000
[291] 4.285714      NaN 3.714286 4.428571 3.571429      NaN 5.000000 2.285714 3.714286 3.285714
[301] 5.000000 3.000000      NaN 4.571429 3.571429 4.142857      NaN 2.714286 3.571429 4.428571
[311]      NaN 4.571429 4.142857 4.285714 3.428571 4.857143      NaN 4.714286      NaN      NaN
[321] 4.428571 3.857143      NaN 4.285714 4.285714 4.285714 4.428571 4.571429      NaN      NaN
[331] 4.714286 4.142857 4.571429 4.285714 3.714286 4.285714 4.714286 4.857143 4.142857      NaN
[341]      NaN      NaN 4.285714      NaN 4.857143 3.857143 3.714286      NaN 4.714286 4.142857
[351] 3.714286 3.714286 3.857143 4.142857 3.142857 4.714286      NaN 4.571429 2.857143 3.000000
[361] 4.285714 4.142857      NaN 4.285714 2.857143 4.142857 4.428571 5.000000 4.285714 3.714286
[371] 3.571429 4.571429      NaN 3.714286      NaN 3.428571 4.000000 4.857143 3.285714 4.428571
[381] 4.857143 4.142857 4.142857 4.714286 4.714286 3.571429 4.857143 3.714286 3.571429 4.428571
[391] 4.142857 3.857143 4.142857 4.428571      NaN 4.285714 4.285714 4.714286 4.000000 3.714286
[401] 3.714286 4.571429      NaN 4.857143 3.000000      NaN 4.571429 4.285714 4.571429 1.285714
[411] 3.428571 4.000000 4.571429 1.142857 4.000000 4.857143 4.857143 3.857143 4.285714      NaN
[421] 4.571429 4.571429 2.571429 3.857143

$nvar
[1] 7

$boot.ci
NULL

$boot
NULL

$Unidim
$Unidim$Unidim
[1] 0.754376


$var.r
[1] 0.01815241

$Fit
$Fit$Fit.off
[1] 0.9567233


$call
psych::alpha(x = .)

$title
NULL

attr(,"class")
[1] "psych" "alpha"
